208808,028342122
208808,028342122
208806,627531309
208794,050790765
208786,674450515
208767,148913404
208731,014539064
208676,992862923
208616,560119792
208576,748846264
208557,750840329
208522,304630557
208502,289908723
208466,107114154
208333,779328046
208289,649362585
208218,278365272
208173,576922545
208085,808467487
207894,210477007
207904,111619481
207863,366164637
207813,613578317
207555,363333428
207497,980809211
207343,044978987
207292,888153034
207255,496421428
207060,731312799
206989,166628505
206802,822741815
206448,252989229
206063,919962976
205851,829067503
205748,313170322
205437,669193024
205494,145541582
205385,71029496
204971,014905654
204968,389120061
204838,613819841
204933,758003199
204573,153330219
204587,823814218
204672,864404031
204742,722763061
204627,457316229
204172,530508808
203774,826704222
203691,565137742
203521,266035947
202996,802427929
203091,964822965
203162,814201869
203198,546915444
202838,83298563
202933,177818744
202596,302242329
201939,308645017
201707,015076346
201496,175289128
201628,768816394
201544,275288125
201470,63722775
201396,19410521
201341,563868162
201180,807259353
201247,049683722
201189,631900953
201006,763871543
201007,414095759
200790,8179545
200448,263416243
200397,969883666
199891,3072503
199514,650857458
198788,833528278
198262,252828666
197850,970794613
197173,326506763
197283,356543023
197320,743542103
197467,136325063
196942,775377311
196203,053307141
195560,420314496
194894,727183705
193947,294903416
194133,679311608
194340,590118845
193555,750780042
192951,2606835
192243,139283586
192092,072178164
190962,408686722
190372,113517458
190266,492501441
189997,464601216
188969,622615919
188066,386116588
187445,514827109
187306,534260366
187099,076169664
186284,340865667
185643,423195884
185088,67786946
185152,908009615
184880,229531371
184239,455667843
183701,722933215
182582,519414423
181428,335761766
180250,105339478
179403,149409381
179426,54618633
179684,920180161
179911,369654915
178498,824876922
177892,81909645
177630,399057956
176697,526330736
176285,327972842
174991,475671889
174450,829957808
173695,957840642
172912,831457263
173110,616353461
172642,076226858
171858,593906302
170651,384793047
170790,393694814
169221,815501442
168003,573507664
166724,965485548
165652,72616169
165307,470842345
164029,125433175
162581,958401289
162519,248937474
162821,770602133
162599,644660399
161111,482600804
160744,458605578
160241,345219075
158522,423464654
158304,621537338
157254,955554378
156077,564753362
154384,302194674
152714,667380556
153077,901242779
153165,957253189
151705,620560976
151155,655263259
151170,268942209
149534,476305688
149694,572420217
148435,092620431
148527,867270984
148150,74187659
148284,010038897
146637,726141988
146119,86741438
146456,668345646
145182,886312171
144389,831554057
144163,837461483
143508,600894871
143229,080733141
142547,223419404
141707,91006416
139814,600798665
137866,785412389
136418,245394002
135427,508508537
134378,680889675
133756,015124293
132865,478505057
131012,4217519
129840,672184079
130273,596825689
128403,670207874
127148,619078609
125760,467194764
125282,503495482
124608,740605556
123588,968592072
122128,756549117
121626,985716532
119341,22471681
119255,617359956
116891,659935636
116986,123349013
117282,852907039
116556,06067187
115164,31380916
114056,622675513
112492,37058481
112071,819291212
111673,485527487
110260,071813566
108478,055620796
106575,26664414
106486,751752917
105609,414767252
103812,647330797
101398,654495717
99040,5248242022
98224,3455965005
97153,2594622847
97361,3419864069
97077,2134701512
95989,2755170668
94551,6632245324
94408,1876560777
93890,9755240791
92063,3765104747
90692,4173399947
90577,2425677525
91005,4724126646
89096,6357496349
86903,0367831058
85041,1599318027
84846,9392392665
83150,6580894002
83335,3935741385
83682,8461429097
82348,867798912
81947,2627714645
80306,3605880261
79888,0056322922
78188,7740396621
77387,0914553264
76584,5985816578
76096,7082736523
74890,3558735398
74250,3299628921
73641,7196031718
72385,4258662254
71967,1017546624
70978,4008030497
71248,7855912553
71245,6840458306
70892,9211429734
70615,9466848899
70332,8764095019
70349,1960134822
68772,129851059
69127,3508023398
69279,7255389637
69181,37560059
68667,2880999518
67687,4891189147
66833,4920522907
66446,0415004577
65058,8774734389
64503,9885028252
64629,4026732095
63687,0918865086
61977,9880547595
60335,7271091723
58831,9457706621
58916,1908939249
58367,0112793768
57333,5291617854
56850,8102469664
55332,9526047318
53746,9517931528
53736,7271196078
52243,3248361408
52512,8813910948
52689,8943889701
51304,286739189
49754,646004968
49369,8484584311
49140,1545085134
48123,37544027
46965,2536622784
46865,6729221204
46888,3835053667
45508,5575228192
44409,6966788287
42928,8851673838
43128,2211984528
42365,4105462056
41073,8045691824
41164,9179817301
40637,1832956423
40056,8437881804
39619,4769038814
38855,7062004539
38999,8146958282
38362,6812453881
38298,1907702072
37986,9254304298
37670,9450962723
36546,2302190322
35386,3322782284
35582,975851741
35266,5307289072
34149,1242774565
33922,1055261087
33125,3091699787
33068,8142097029
33137,0474058301
33157,7346140533
32574,2751700708
32640,7876482788
32285,5507057732
32285,2450624888
31824,675044791
31388,3173788164
31401,0064959281
30302,7451048499
30157,1629875028
29411,3885974521
28816,1882191895
28245,8465984048
27702,9424830351
27728,5416303859
27470,2661679215
27227,5478920485
27130,3182939576
26860,8109394907
26435,9459293962
26503,3777300435
26355,1081188844
25895,1381322629
25874,1635623761
25178,2154569799
24467,8799306319
23744,9106156031
23048,91517912
23102,5018222058
22971,3834727539
22602,3358165884
22633,8287202789
21872,3826202462
21270,4894223482
21193,9824282739
20772,8780225625
20079,9316517121
19927,4832844205
19874,8875133489
19937,6991357258
19248,6733768136
18597,7230182636
18011,5305280005
17459,2807306318
17030,53281976
16951,0069041924
16434,215922179
16357,2143365692
16387,3637971861
16091,6942154175
15747,1708631577
15811,4616631161
15362,7972399518
14898,0820048873
14583,755443769
14317,0046394119
14225,8886855344
14084,973480413
13691,9345444913
13628,3304009866
13218,1712079097
12918,0764184726
13002,1702789052
12795,4073239278
12743,50278111
12648,3734375114
12499,0642699434
12564,5055171282
12216,8077239851
12067,909571349
11778,0772814125
11601,0320138668
11381,1035768893
11151,1342378812
11160,8201068241
10985,1490234405
10773,0356799221
10782,712974525
10725,4567981152
10662,1969066458
10507,994220206
10472,6523891374
10359,3041383549
10352,1696240609
10279,6880381884
10204,5872975568
10222,1667447016
10143,0088401188
10059,7598550025
10034,7865100818
9979,68331448108
9963,59347962256
9964,96256004414
9963,76502878772
9946,38515923027
9941,2934172833
9941,2934172833
9949,10790387445
9967,61654108056
9974,75299093849
9986,69175830585
9994,1972053175
10068,3327890844
10149,515484664
10169,0942771788
10172,7353971734
10291,7383069273
10421,8734761351
10533,5124547905
10553,868038803
10647,6533972456
10650,1621427349
10840,3086132597
10975,5460812653
11074,8048854397
11117,7269155449
11272,4352445921
11513,7565621394
11639,7624583938
11797,0555880438
12024,5386497019
11996,4848210769
12130,6307646333
12071,6366535075
12356,3991904336
12595,9135630156
12892,0501301969
12933,4319182684
12880,8533092047
12828,7078309547
12976,5926353283
13089,9025255393
13152,0755650765
13382,4795610073
13523,8209739968
13998,9901812553
14463,4075353807
14564,1853761975
14578,7180489325
14949,633138229
15035,1222815482
15053,6918205614
15261,8881923205
15157,0993666546
15752,4514259202
16049,6316516668
16087,7618213999
16398,157055879
16628,9774756294
16994,8363032131
17135,1172092222
17258,7526538103
17691,0415288995
18215,1433717532
18472,7408183859
18674,2236325443
19189,4938292449
19589,4515349415
20349,1189461315
20295,8523955322
20632,8228429666
21180,7014445001
21143,9042491923
21763,5295623951
22145,1133833379
22054,4585571284
22772,2340549401
23066,7095018593
23162,45219352
23316,3570871053
23483,513941811
24351,7089275648
25200,4224532692
25964,7310141516
26107,5997609939
26472,1320708401
26755,5713012086
27759,9416068495
28204,7297832169
28579,0621475739
29463,2034490752
29670,4305352173
29629,4832077659
30215,2075253345
30872,8309599441
31812,4781251849
32330,8558766787
32885,5923117476
33577,1244820621
33822,5574696079
34409,4905370838
35475,1056657399
36148,8355640527
36304,5871120134
37143,6290337002
38260,3412380431
38205,3695092727
38728,0565834364
39390,4450059531
40434,5473963126
40190,5540318849
41339,1596327925
41731,3358845534
42656,8940592229
43679,6447280068
44856,1050813198
44651,1884620339
45517,6068858673
46479,9631971321
47455,9564238538
48121,6422726303
49164,1228713456
50158,5613069716
51113,6491656543
52585,1115287545
53443,7168391795
54365,1952821779
54470,1216716097
54482,6884638937
56014,4314957905
57347,9501219552
57633,1809091621
58042,7406372213
59005,8448910351
59193,1406079255
60397,9281229615
61669,8282286896
62181,4853833985
62938,4374793238
62972,6067920745
64112,9215322246
64606,7515292987
65086,1055736784
65095,7770075701
64767,6058374113
64796,4825714742
65686,2622984141
65641,4468051682
65382,1416821262
65999,8191155043
66867,8523880493
68445,54330086
69733,9657819047
71102,8300597056
70831,5318989187
72054,8366451612
72903,5412158798
72626,4105088637
73273,8934407865
73136,8581082328
74098,1373574616
74615,7406970439
75287,5751928306
75078,8091834831
76460,8356870175
76305,7150471419
76653,2078126918
78128,1220996728
78395,0948244889
77990,7077217505
77599,4999071217
79596,3986794678
80949,4709666437
80943,9151692454
82028,6309104138
83805,9552031162
85641,6575737224
85870,9440439782
88014,6995671975
88656,3947861861
90083,2142025287
90106,4734046659
90923,9240037
92881,5485501712
92774,1576016172
93788,9918455313
93531,3241411135
93501,1610213869
95147,4636386804
95783,4385071658
96498,3298185452
97892,3624717069
98018,7303617218
97879,9237531712
98127,5803024209
99435,8095882528
101443,544004411
101683,16402319
103881,232219946
104712,770442221
104743,018510183
105525,393356192
106382,513104266
107075,546210326
106984,125700914
107813,079208928
107377,082384705
109180,410633405
111216,818317993
112236,338314003
113034,619448104
113106,129621199
113488,685661746
113813,800279449
114254,516249158
116351,407659091
115891,217078263
115429,087757241
115193,973591604
116469,98829049
116641,139285726
117244,621559367
119258,773982997
120625,285212898
122580,407352777
123163,140966305
123625,505661673
123973,798061433
126124,746143856
127182,961875
127918,887932842
128068,802441967
128894,598877104
130958,129335291
131120,447525507
131169,896320957
131919,089010053
133729,689464132
133793,161774327
134690,971196927
136111,098203617
137907,111252385
139353,731509739
141229,490827247
142361,721077128
142391,742105074
142383,748490336
142086,771382626
143232,419220135
143280,13906872
144550,602902949
144549,197769553
145792,460736442
147083,573494743
147871,633323129
148421,02852067
149439,435833483
149283,007938454
150980,572522739
151195,253966439
151868,650425509
152615,074245754
153673,597370295
154632,597864418
155254,442083469
156986,213960224
158034,405698904
159398,328193618
159503,08427558
161126,213184511
160989,102891763
161844,933402676
162501,594019427
162861,240813518
163675,532017632
164363,949310784
164255,026939183
164104,972369654
164768,376900201
165876,735781906
166609,812961989
167462,543709331
167928,869687541
169148,268117774
170149,886521525
170473,248052423
171358,265689347
171084,682289997
171195,083437216
171488,118933224
171391,883461018
172795,520218365
172654,907659626
173717,879203317
173979,765285781
174872,39239779
175028,63068233
175625,79397853
176408,066982796
177716,499610392
179041,402449567
179428,039307326
180517,091041211
181614,363993809
182796,523356901
183420,265982099
183178,413830253
184081,082475447
184851,24964607
185575,119255962
186219,303368364
187198,04614609
188352,731088123
188530,980303659
188828,643133622
189139,912056037
190215,574886661
190221,010127451
190956,758047793
191187,310472453
191711,979457292
192520,203515374
193435,526809126
193692,139418994
194078,994105233
194531,393647745
194516,926033937
194337,409003475
194413,139496002
194331,560125778
195130,214360018
195642,485594965
195956,173787055
196207,955377104
196665,172811404
197039,970096535
196924,463066387
197330,515430184
197377,637795617
197361,493770178
197289,398306014
197276,878524483
197806,162518619
198514,294073726
198747,390080235
198596,792177026
198728,638578392
199444,487645678
200110,430717368
200797,866578256
201105,191902543
201569,413231206
201620,164022872
201969,590137886
202002,976403452
202162,281687342
202784,240543676
202716,698529955
202837,399258383
202745,065722184
202698,402974653
203155,842827383
203382,486065414
203863,832639961
203855,938955207
204139,51807273
204122,678926512
204503,205467737
204603,811454307
204756,795043297
204694,028293498
205038,814325986
205357,704469766
205712,174364616
205680,153573379
206019,207924829
206099,931346574
206321,133409827
206610,580181305
206745,894096089
206865,640819541
206923,844059949
206936,86135534
207077,780300924
207266,047248361
207268,921676363
207439,708592294
207547,648222246
207682,487512698
207670,32262875
207688,615685632
207714,562047605
207763,213572368
207825,302974236
207867,647574139
207980,425140861
207980,23987692
207991,156044934
208056,82282711
208053,96299275
208127,728001199
208182,380711883
208212,597376078
208209,484194781
208232,393677026
208243,048606362
208243,048606362
208243,653947032
208225,550825492
208201,938164159
208208,415417677
208174,071402225
208177,288971923
208090,232266317
208102,199879495
208097,033804142
208095,938522515
208117,233266923
208126,540270019
208096,856593935
208045,080587791
207867,621388971
207882,922355958
207689,516136685
207613,881812868
207464,351684565
207466,03596835
207236,788356335
207115,076162585
206892,533442746
206797,618633721
206659,361795277
206674,116179771
206678,110647667
206500,430020401
206512,404047058
206427,944259027
206170,132514157
206122,481091615
205990,15730586
205972,458487538
205663,133076588
205271,121556913
204921,408427425
204817,410488105
204586,414035342
204521,713637867
204029,80235048
203826,834975008
203650,990304612
203208,077605042
202852,977332723
202522,427592873
202457,68556316
201978,944693363
201687,800475637
201712,500729599
201344,363013958
201347,688216852
200721,966686511
200811,998334587
200141,711910023
199681,014117782
199389,695085474
199263,837884841
199308,335859441
198889,517940895
198905,126189378
198575,99601398
197995,691903503
197835,464568011
197941,172618297
197712,911971498
197464,846824697
197213,272026784
196707,094751277
196520,14023208
195940,06677083
195238,821150663
194941,088064488
194070,422841413
194252,397695033
193740,092821946
193111,685342421
193041,327537375
192248,424548407
192242,185101562
191476,563336627
190908,994617848
190093,846865607
189268,641605262
189257,217257891
188734,276490087
188912,316259107
188734,801609119
188039,43342946
188153,584339815
187039,13408031
186416,372724281
186000,407158174
185541,72148043
184598,303705494
183723,20210517
183346,095520953
182414,140014279
181711,56369098
181882,318420908
182007,622504751
181488,340753569
181022,410197929
181232,477647358
181112,61281758
181308,984479743
180067,159092585
179468,109222578
178574,038792259
178507,138811115
178765,217133512
178076,259603633
176995,779793749
175729,508886885
174751,028172466
174941,348456994
173821,371881684
173006,45382539
173000,361840354
171849,235878416
170886,637005994
170959,597479594
171240,304303938
169956,182671602
169145,089059766
168200,619324269
167193,66377932
166701,016045502
166963,165950198
166093,868527252
165886,013613616
164350,301836893
163190,566827057
163081,269817276
162726,10533394
162313,162998369
160633,586198604
160894,475580928
159536,512493214
159669,350716981
159847,458058002
158637,344242003
158249,610317293
157538,796023136
156213,353291257
156509,895354754
155970,922859183
155614,689804906
153999,048993
154126,616058649
152439,260373409
151978,390913887
151692,87373153
150078,261524745
148532,736502412
148704,884154661
147384,311727332
147399,209151398
147556,161845676
147441,848363255
146025,668247985
144458,701143948
143325,440676714
141464,272428054
140096,008727477
138601,320499159
137888,372483242
137557,14126943
137946,316057087
136624,180258414
136352,609641899
135021,391864881
132871,071856614
133249,927920565
132924,641198304
131611,815561358
131123,035591908
131501,468951689
129376,84413773
127477,384694397
125945,211124207
124807,583840229
124313,39613685
124721,907838457
124621,219928532
124033,439170748
122080,090149035
122345,495722816
121167,327364037
120959,543466053
118725,291829101
118414,868094546
116777,310232872
115126,939547273
114717,573014814
114296,479058958
112235,040494039
110451,131304233
109808,30829514
108200,738912953
105840,605830756
105720,578775525
103433,313484441
101047,136154122
99172,1788204325
98389,8665810119
97757,9107748647
95826,1822964141
94283,4740190836
93911,5169248253
93788,8178537823
93879,8362371489
92948,913253444
91180,7951894618
90311,4910379043
88194,3809334331
86584,4618800799
86313,7305898319
85518,324343531
85200,030605438
83104,0245579568
82198,2472073666
82615,9345057813
83046,3114748759
82003,784814186
81372,9642830473
80392,0075189321
79063,9984597876
78347,2551365963
77455,4176558595
77114,5462154467
77135,8522430416
77527,3303256759
76077,0428226364
74151,8712749867
72452,7633963859
71119,9347695455
69628,5895596057
69214,4304025469
67811,4387459912
67052,0187226661
67205,277215426
66512,2141845468
65053,4935479479
64028,4031920611
62165,5229333176
60961,5580027222
60123,6160193138
59300,2864711792
57919,3503209713
58154,8740493113
56879,6724511074
56171,6284633607
56490,5299393568
55342,6379235259
54346,7032968453
54274,7087741208
54447,6453409429
53993,2373102573
53582,9882520188
51971,2282431118
50828,9453389907
49450,8257416488
48146,2253155617
46589,1866909922
45139,4675116989
43845,7328612651
42443,4060196033
42522,7659135964
41603,1658971586
41469,110008584
40668,0355861603
40636,5912995726
39648,2902781478
38326,7588127025
37125,7946931693
36863,0669197931
35665,2708662733
35880,2712679312
36029,3215734592
35948,4125727527
35111,7801563609
33867,9859576323
33038,890900875
33029,4701325796
32099,785223839
31624,6998661518
31875,4073099922
30676,247981482
29824,1077607188
28987,3687926308
28359,4086086907
27884,1411013778
27128,363263093
26336,9623840933
26429,801670089
25561,8720086033
25291,8576837453
24901,6839194639
25105,0036221672
24058,1375766532
23332,0307740131
22498,1543725823
21606,5728348168
21204,6055379431
20848,8792558994
20464,8275033899
19362,0734829374
19588,0230855576
18722,6859593263
18073,6800142661
17448,5289907752
17244,5818019233
17131,2431754311
16660,002692665
16427,4616016135
16517,1388393464
15552,5780090646
14956,7408961412
14851,5497600033
14768,4836044175
14647,7074907735
13886,2433027179
13591,2340199664
13248,062407302
12642,7138739818
12750,059090184
12788,7860416545
12689,2781120707
12470,0561303737
12221,2852523369
11410,5185495693
10625,4159223618
10124,949901242
9939,15763678841
9919,87199603851
9990,64428681278
9739,32744862887
9554,84388651731
9169,40617694249
8877,2601068154
8560,55452536079
8326,55102789358
7864,69296503413
7348,85737015429
7031,57466445779
6868,46196518175
6690,98797700729
6296,26101088888
5952,78359933963
5812,96453911092
5218,71015479372
4720,53773108844
4481,10344227747
4202,47639638113
4232,0315305274
3923,63406266875
3613,59965397397
3529,22563376706
3461,18878355084
3139,43431335283
3009,27781313847
2763,71933753171
2520,00108493847
2346,62524678657
2342,87242932784
2397,21989111809
2132,26592778476
2032,439795296
2096,83681356604
1859,09633568654
1642,08592597567
1481,59812964901
1245,31445498162
1279,64310084001
1282,13776836768
1087,58524613662
1035,69606044309
907,811057815328
732,309223357646
736,453707856708
732,687828430324
656,509704057913
521,548166922119
436,619143350952
442,985936331039
404,384281355015
342,982544571598
325,275985591696
296,09513521794
234,438741213584
146,476690089039
91,9007240208157
102,45436363839
75,4988841123995
40,3234093474166
6,50323317685979
3,88025816864683
0
0
2,64152926244424
22,2786707360356
25,5854367654247
71,7140099981625
67,0248703948746
96,33185613979
147,240247180162
229,721117095469
235,64865551953
230,702810635907
326,348607116321
461,330507223058
541,985396124684
634,666393366089
624,106798520545
763,62834222379
778,031276716123
850,309772520792
822,362195951631
886,442308284924
890,752674317628
1048,14673623245
998,502529235702
1054,83814606303
1234,23037986082
1455,74704882977
1697,790876702
1787,52926094364
1752,73493378633
1907,86141468683
1967,06025591423
2019,46675706317
2132,27673381384
2239,96878770224
2658,13181142928
2749,6596564283
2757,03001747592
2684,93825656199
2906,80407218123
3155,98387073982
3581,42973396226
4100,94052219304
4476,58134171885
4915,11200117212
5243,4624726522
5735,78483264751
5761,66215026955
6121,46177085346
6456,14271100357
6756,54359658671
6834,27897819091
7426,76615236566
7304,74861474114
7319,76626624732
7724,69774816794
8358,9935676202
8490,03160711541
8461,51560075235
8484,0597961712
8637,27339540422
8867,98427913772
8968,16603067276
9112,75516631518
9255,37184632369
9261,05130775471
9315,68089167724
9828,29724822228
10672,8526181214
10715,3125940232
10810,3846517676
11483,1348385724
11840,9110612944
12398,8127451834
13311,9213940543
13719,6218026403
14342,0390031834
14806,0034659752
14630,0292918264
15110,9595583378
15025,9187069578
15347,7337838231
16302,4977865652
17266,9848756348
18307,7495696121
18362,5582458016
18540,831964649
19304,3764726384
20000,3738429355
19830,5285143122
20025,2996508053
20487,3986247867
21493,6288332884
22274,8294466982
23091,8259390972
23614,2625064033
24796,7101820859
25278,0145943824
25139,8326424199
25459,8991147277
26698,2786511137
26872,8462590375
27721,3998419913
27488,9455448077
27422,8433307846
27347,8112846334
27387,2441243719
27325,227697343
27076,0673536888
26813,2171079243
26552,2170959461
26505,780860413
27283,7881095403
27309,8059286879
28561,3705086168
28722,4537896475
30003,1436994018
31114,2339883069
32149,2960974707
33550,9098445195
33854,3000586019
33960,2163253003
34974,3654250141
36358,7824878997
37647,0837388422
38765,807064514
38612,7196375027
39804,674890936
40046,0575667666
41071,2382638677
42511,5452532548
42355,0948571638
43334,1112627691
44119,9235833349
43823,6518429571
44127,6681681404
43903,0725971776
44854,2607447528
45576,7266601858
46626,1933245733
47636,5038028004
48120,3517083857
49337,2647603755
50848,4146467025
52398,5527910058
52226,1498055229
51899,5050226095
53223,8297858261
53958,9954747171
55115,0334793749
55843,6996684927
57111,8956400552
56994,8128351753
57963,1386803267
59181,1937886709
60388,4370027729
61536,4286051939
62300,8972965144
64075,3087881684
64544,9405443922
64806,5888818098
65013,8005197692
64999,66233956
66610,9771548361
67297,4300489037
68306,0867672639
69963,5162339546
70672,6768623153
70544,7409917437
70259,1654300439
70804,8597162835
72648,0180260963
74571,6756828893
74744,017963676
74865,806126018
75138,379355615
76715,7294448267
78665,520740808
79455,0428263372
81070,6690233088
81621,1612877571
82630,6696636057
83927,7323635394
85828,5119688196
86987,2894014049
86773,1630685194
87322,9318662665
87321,5019448945
88532,5335407436
90810,8255265629
90358,3494561454
92348,6610005359
94043,5600708444
96024,6155707583
97412,4783649756
99337,9896589113
99645,7993286488
101084,091202017
102786,580622705
103702,300825455
105788,535555156
107557,348445416
108362,741228555
108509,661762012
108322,86054387
108034,190930768
110091,7224884
111443,402574368
112175,335282214
111829,288851296
112152,777732033
114427,475256358
114461,784087519
114864,699373858
116353,226416184
116706,467134057
117771,739031063
117984,329834423
119496,895353333
120349,042878735
120248,216551094
121692,850969352
122342,353786963
123669,084287445
125042,138730274
125655,723142202
127104,713606636
128285,372172593
129623,402595177
131297,610363918
131837,870264293
133216,187842984
134683,85385053
136535,416144626
136383,041792259
136146,802457035
138042,786681326
138572,216368056
139253,833040643
138913,33721329
140203,025497408
141306,181587713
141964,719356579
143216,776018463
144013,599999388
145143,20482674
144985,886795006
145010,676566128
145246,230651079
146996,498353799
146709,916306664
147044,383265523
147951,122630128
149448,276464645
149253,488454637
149866,04661609
150109,782831997
151870,949894589
153301,860827487
153612,760863728
153654,311576843
154844,94036292
155238,408590554
156862,42309257
157925,094469992
158700,149379846
158684,467926606
158364,049262293
159871,079322518
160287,948130717
160787,093352307
161608,704306344
162440,043830772
163656,830051012
163644,243447679
164390,322514573
165524,714628166
166628,006938976
166901,713076001
167956,356420683
169068,056436018
169706,144645795
169777,892309142
170251,289722391
171476,442972131
172193,250217914
172091,406348591
172234,871772316
173300,543998126
173616,580227694
174005,713099626
174109,798455593
174408,093107087
175446,09555723
175767,062565885
176136,48271048
175891,340539502
176360,017793717
176162,443643194
177231,297418015
177455,021339657
178196,452226674
178347,86046401
178362,835113918
178317,742329321
179173,868900374
179225,12599552
179585,90865225
180689,402590676
181063,462008714
181313,178483459
181500,660321006
182081,088142056
182372,85531474
182361,559419628
182321,858431875
182994,558528339
183672,613842061
184395,378467454
184976,194448749
185363,691578842
186189,016292782
186394,104421481
186998,900469296
187805,570832904
187758,592015387
187769,551357102
187598,513265881
188269,690750522
188654,992796582
188632,695164456
188913,13580673
189178,440266873
189100,902676494
189291,341211072
189509,311533897
189825,095055851
190564,319733441
190434,745610967
191002,559674439
190938,398285857
191295,037545666
191613,061793248
191817,04073539
192083,526302661
192629,417633244
192985,601040398
193513,191286515
193502,891431797
193665,690507266
193857,751832755
193737,279951848
194017,713318781
194034,886232057
193944,775696513
193916,166851856
193850,095073677
193916,239354712
193931,266030711
194397,728315928
194750,406864715
194784,379144965
195048,416948312
195108,513017759
195264,684493499
195645,958091759
195622,867802747
195808,354078831
196196,018624439
196295,216653542
196554,173660795
196558,33196879
196902,949856978
197078,516353501
197099,90292958
197104,226463163
197397,263193878
197493,509787155
197644,323817325
197659,189500605
197663,613872635
197874,012480471
197867,570268518
197847,925987389
198016,349561805
198183,315217109
198197,41176251
198317,014290639
198430,835282371
198533,832705608
198655,234739882
198729,477475083
198709,980389261
198735,927998124
198804,09209331
198800,441472279
198842,489869603
198849,841123667
198867,066017144
198878,198063593
198878,198063593
198878,120459568
198869,276616611
198863,011874867
198823,908986544
198810,569727206
198819,115370418
198783,698575564
198732,027824487
198666,710823324
198650,106231884
198589,991773629
198591,748325277
198582,987144509
198457,002074781
198464,781214339
198408,894371605
198206,204909295
198170,29070732
198058,668505609
198030,207945105
197779,731757297
197527,359475909
197525,121971523
197356,144549782
197107,022807974
196966,507492925
196646,950308495
196554,881514957
196318,397924507
196338,290423205
196054,263317592
195931,573722822
195759,675334105
195709,063354
195486,918273148
195172,073902089
195090,394698697
194996,340854572
195006,143137851
195002,202554534
194495,77219592
194272,69502375
194118,69558409
193795,172001023
193716,496029289
193798,999345924
193882,901684037
193452,351966236
192912,851044119
192853,101929745
192263,219860476
191776,980298796
191657,52307246
191146,131378794
191143,807281332
191028,91193824
190694,182830494
190336,505129493
190436,10184501
189740,676190601
189290,315924543
188555,952387713
188695,641443145
188729,196580652
188809,644128594
188329,262812694
187670,836942317
187513,210936355
187268,285751435
186653,636598017
185959,680093986
185742,439774745
184876,887456599
184634,799145097
184155,470531524
183719,233083267
182805,093356265
182827,233510561
182424,342636331
182523,30232612
181707,565013739
181739,586531995
181834,575577313
181808,966939266
181488,761501698
180679,438324554
180754,119621404
180209,346381679
179578,499075495
179775,148420679
179949,532978753
180073,121241921
179435,444787792
178268,268030815
178453,602008138
178003,128519211
177820,800762326
177404,556211547
176876,461354834
176744,891117628
176232,217335358
175889,250619732
175497,645331748
174404,318365917
174315,028723245
173828,196987992
172691,434949764
172387,42316728
171254,638814806
170760,095878694
169789,672282852
169698,624616899
169184,699123327
168809,703988776
168236,375319084
168099,949563156
167417,642817165
167107,319956462
166391,379140271
164959,676403445
164402,426694161
163446,257562564
161935,909448522
160631,760733176
159069,962459368
158773,320733843
158978,778416077
159229,011660892
158765,08296716
158138,451350146
157705,987080189
157849,935887531
156546,313131724
156178,117804395
155694,922778173
154824,443756979
154869,754743378
155193,016436724
154168,522633786
153645,912924496
153328,956717218
153142,156745564
153214,63441076
152012,434167212
151944,660203911
152298,284225541
150750,09487855
149381,268777216
148230,787900202
147634,323154691
146506,158533705
144924,038871545
144837,591602336
143260,321894824
141926,583312278
142316,202378385
140459,813772211
138851,932888301
137158,676918895
135480,229203605
134338,4018844
134274,259660177
133612,057143198
132521,63597476
132572,407972526
132939,166266648
131296,184724218
130329,011186343
128728,196299686
128684,681728076
127315,141600383
126675,254378396
125809,472418015
125131,050485379
124024,035498896
123071,672036794
121947,72758793
119767,886213455
117659,845402963
117785,438262392
116642,290925308
116961,443188141
115165,339467588
113195,893716669
111587,457980505
111093,694786364
111499,040144453
110754,861053224
109131,727593985
107913,061996001
108366,601626139
108367,086616394
107570,113450254
106926,06711276
107351,601697856
107762,11285576
108028,412167237
106795,621603635
104400,878289314
103939,599726124
104173,763121502
104151,264486472
102656,846278045
100472,970812175
98828,8652429462
98152,8912521237
97685,0694926164
97413,390590506
96188,8496365237
95514,8338136082
94043,0544420191
93143,1969746743
93463,1460495728
92114,9670492523
90871,3994281521
89257,5925996382
87994,5226565463
86105,2812303164
85776,2361321476
85828,5335922282
85427,0851994881
85326,344502383
84151,4482998464
82319,9585335991
82354,8915887468
81951,9271180668
80221,2224032772
79404,2243984069
78379,6271944451
78092,2744944485
78018,4019731608
76476,2242360106
75612,6863935504
74736,3617651558
73290,9629473948
71640,2425868201
70648,1313929819
69731,5257431706
68780,9548804119
69005,4406294618
67581,3138171645
66899,3118102202
66390,9798667344
66722,8484055976
65075,684513247
63508,3824848461
61722,5300140682
61646,0150658339
59894,6147480235
58684,1869298634
58629,674547273
58030,450680298
56867,1871157023
55104,9450588926
55267,36920163
53476,8478932096
53540,1278262515
52224,3568815747
52517,0434271569
51155,8353925355
49799,6471936406
48271,6885869328
46595,029512261
44928,0785402934
43862,0524651258
43247,0136172516
42768,6726335292
42724,2748858578
42604,5475910068
41196,6795808569
41008,825316939
39856,3544078906
39806,5550461734
39063,9045797631
38401,2128417362
38143,5790015557
37439,3000615119
35914,6758264573
35628,5048246897
34963,0680151035
34843,7989542587
34515,1137800375
33891,3904895427
33008,0011632979
32933,065790574
32027,946598843
30942,3992216958
30495,8948045324
30068,7212469085
29286,6092570401
29323,1022822666
28381,6272548722
27553,6823357601
27260,0106326076
26561,5300126765
26053,4752228814
26295,976435203
25939,9756792781
26172,463351339
26127,9452893666
25034,6948039622
24465,1228398153
24177,1518523036
24326,4938455567
23376,5701727956
23454,3398474525
23651,7828509912
23775,9699220859
22699,0991780188
22719,0974296988
22073,9047240636
21445,500746172
21132,4379093861
21289,1103833068
21306,6061481386
20639,7594698464
20567,6911310379
20160,7287216626
19651,6731455592
18980,1176617817
18995,309548895
18184,7682806365
17271,7454062647
16684,2801435817
16099,6261492706
15815,3747704169
15875,3530597407
15128,0287486286
14947,6813896188
14939,5454951702
14899,8381433607
14301,1298670199
14087,9231340818
13440,0164793686
12989,674706037
12709,1215337258
12337,7826248693
12393,0226281425
11976,2115052137
12114,5787799149
12135,6439515904
11836,0199357841
11159,8843012159
11259,9168755987
11210,5100518526
10628,713976339
10366,2838882086
10213,7792119052
10183,9219124498
9805,02313565227
9493,89929980098
9087,79448546277
8547,6518545101
8220,19497557648
7879,0665615731
7461,71375677851
7325,93809201618
7266,60877562658
6921,05476673917
6925,71172879857
6786,60943899804
6636,13705801274
6722,78773983967
6476,07456673143
6155,35955195554
6142,29835865751
6065,31738644131
5949,66065099975
5964,30052647149
6012,43951762046
5713,53718660134
5589,76111801789
5569,06136615638
5301,42223608005
5029,85317904199
4773,77730836059
4734,6043510187
4521,09996729335
4501,10714773583
4304,3548566734
4302,52969487134
4159,83144829431
4189,30089820118
4142,06064673999
4078,50418969645
4078,77797471659
3927,94000177179
3916,96094125006
3873,81271337255
3784,04862428276
3710,37323026129
3665,72285743983
3587,86245001518
3588,60128577641
3583,41782175115
3578,30207919423
3580,24860483757
3575,65091938584
3574,91841848972
3574,91841848972
3573,40647892485
3592,68069124129
3603,01298653072
3594,59723562686
3640,10219574958
3706,79472929236
3697,87458292596
3756,48437432962
3778,14627348547
3899,79550133026
4020,16228071277
4029,63007315839
4186,89702109821
4224,7964456979
4334,45125545823
4334,92251870083
4543,49293376398
4502,62578945194
4468,11839762426
4638,75793608854
4611,35711911522
4839,72439951435
5025,50916901356
5050,78160363078
5332,43361103348
5279,41218291211
5485,33349349262
5563,02273445154
5696,17852812231
5757,77054252962
6003,76296945338
6274,96870916995
6258,59729313443
6547,30531244268
6502,33972128975
6623,50399753655
6741,61262443184
6854,86373141871
7135,11696720068
7195,42363684552
7640,32019920056
8133,6012312799
8244,83644434475
8303,83469656008
8577,58121281269
9067,86051865897
9181,13412061348
9159,07389915129
9568,84178476906
9968,8619905267
10451,8086198117
10753,867916223
11025,0253203981
11045,5657171096
11632,6707257689
11674,1220473836
11840,8646622883
12183,4589662894
12617,0225002376
12482,91127017
12564,0232271323
12757,3106737232
13425,1964456415
13619,3601104359
13891,6868851538
14007,7092552189
14357,0643770464
14549,7075814556
14764,2595058414
15083,2081976974
15337,1555639026
15596,3687260884
16258,1042977693
16134,2051117046
16256,6580192301
16816,2608683213
17470,504613227
18412,5672776843
19328,8768145086
19376,4638866045
19739,6009110148
20399,394447125
20201,9744869694
20998,273965217
21562,9644699443
21490,2812849485
21710,2458473801
21663,6253685551
21884,6131314818
22209,0413822975
22774,2385641951
23387,5600115527
24079,9480314131
24271,9525053583
24810,2922863328
24736,2844141423
25932,5904408236
27100,087776979
28016,4711837762
27958,0898696708
28060,6524565525
28097,7675782918
27904,2738899127
28993,7286357048
30098,0578665244
31214,8305870681
31594,3244415119
31484,1754546599
31438,471452268
31337,1145708109
32152,784461084
32843,1239488
32813,0701549201
34041,6845473661
34661,7684643339
36066,7009627256
37334,539933558
37847,556960108
39162,5750899877
39317,6276899304
39339,4789828688
39199,2296263624
40254,44501083
41505,4318121691
42404,5425647563
42540,8640421729
43444,0857980979
44584,663955141
44754,9132613256
45673,2857391551
47111,0965569086
48206,632638093
49350,2337111557
49438,3345952671
51006,4657857102
52540,5057420986
53739,4945516909
55431,9618425197
56358,1347814731
57611,1350990282
58074,3668577936
57780,9875265627
59536,2064733432
59194,6887909048
59016,9941091308
59774,2503737093
61578,2075230358
63386,2573736845
63614,7513143549
64568,5096439532
64379,8240629375
65284,0919064801
66554,5127920238
67408,4530756138
68375,0394116427
68841,6721315623
69523,47840927
71239,4673513948
71374,5557986189
72502,6951578422
72715,1896831106
73540,0370614094
74034,5241952056
75479,6125590873
76219,9980827903
75868,7845150505
76311,5827790346
77726,8543083748
77766,8529686448
78190,9061472607
78657,7942246278
78898,6040227661
80191,2261458293
80924,4881516925
80876,906070172
80973,277523368
82260,7462351799
82466,0212042281
82254,842068855
82151,6343758853
83784,8855848569
84944,1799519008
85637,2843149362
85614,3262128528
87273,1120080962
87645,1619539312
89044,8424073441
88854,2166490126
90443,0742115089
92754,1322994728
92935,4926012348
94346,1566161878
95640,9644261386
97108,5210011696
98068,6903997043
98213,0592011864
98911,8550634717
100479,207079013
102293,984997124
102457,085546842
102936,998172307
104603,150875152
104809,307718822
105105,048265348
105678,242010151
106000,985684917
105682,449003147
107010,410223837
109030,961471817
110145,493575444
111488,47670775
111646,724526061
111430,960403607
111771,110639905
111364,925544196
112574,115567141
114497,438524609
114194,470991463
115006,19636488
116735,275719356
118551,880999872
120725,86740899
121760,394513802
121443,786413762
122690,192506701
122905,082982734
123742,519342953
124052,864473017
126172,107419193
126392,990892159
126535,457644442
126121,07303844
127638,128258857
127476,211622781
129069,391192271
128728,637593776
129021,354969025
129438,633094888
130829,280868282
130598,814454244
130558,855682947
130744,68478266
131466,080954303
132592,711477689
132411,943182587
133165,650578264
133350,509972019
134904,475973482
136102,786217438
136052,357197513
137065,96100565
137876,56271805
138134,575919586
138952,91538741
139433,242938389
139706,843751426
139751,295793024
140226,735528796
141103,912915038
141105,990825476
140934,587931679
140779,733005043
141712,920673903
142148,89185432
142994,273451155
144169,124744155
144248,704448708
145446,359875289
146764,452313782
147561,11349882
148806,920334285
150369,904016374
151554,452607116
151277,69723385
151458,851272178
151287,423260446
151368,883540327
151837,800705288
152852,789638992
154159,997249175
155217,255067817
154932,657351129
155543,981706799
156036,578325648
156467,617761879
156917,16944431
157704,281222705
158077,878111822
158092,703805804
158598,562908458
159470,086235047
160220,769357083
160387,895337008
160390,36371409
160348,960388919
161633,635914802
162686,886530261
163792,760473194
164412,513089581
165107,409201248
165770,425559099
165798,364426275
166821,569684611
167817,726601395
168753,495521303
168531,760826994
168731,973778025
169657,239235878
170052,842820822
170194,267711426
170978,250573637
171439,726543884
171347,650443891
172412,02094723
172461,577180105
172541,461999122
172790,514253988
173623,953360637
173533,838468769
174262,522954968
175135,381070365
175567,274445489
176490,412240169
176379,003968187
176527,644995389
177001,332460812
177044,018450946
176919,25696436
177367,566130027
177256,869778374
177504,987055589
177527,984729756
178326,780281134
178330,708183234
178744,669050992
178940,233792924
179327,461723204
179963,013563609
180125,929974784
180281,006202427
180592,38135675
180541,807186819
181152,242513829
181426,241999336
181391,765918646
181668,424363327
181656,265062666
181955,448564894
182528,488650482
182653,451960079
183044,087613898
183052,505128297
183130,500685598
183463,301866182
183670,369278801
184066,435809125
184298,436485995
184761,594406057
184736,406957304
184655,195605788
184956,636949702
185426,341592067
185481,972550816
185882,020386179
186075,136635272
186188,193874681
186243,630382029
186318,075270211
186353,466350972
186602,214185174
186575,155775228
186618,514323912
186690,561710411
186744,993902082
187039,394453042
187254,147951121
187444,290912449
187585,600653036
187714,076836919
187746,039957769
187718,550160113
187761,270148961
187767,269548192
187962,039438064
187950,609801616
187966,533291744
188002,437472979
188058,582279165
188170,110988565
188218,072887302
188292,197589265
188299,662297411
188381,845330352
188389,256321415
188435,956526035
188478,68140391
188484,466394037
188491,060116198
188494,223955843
188494,223955843
188494,180968302
188496,244612295
188468,735479416
188424,863256112
188416,988770547
188412,445442344
188362,84843624
188311,152757047
188287,076976493
188291,775206165
188244,526984616
188121,021032173
188069,636804076
188049,604122111
188044,760989509
187901,880553795
187917,146204662
187852,518420363
187695,069788179
187661,378335176
187503,870239276
187474,143485358
187266,011508226
186978,399853794
186737,613686811
186484,988311375
186329,156429182
186058,749811831
186000,231809051
186045,23836197
185928,624241287
185999,336157099
185612,354885259
185368,772351688
185084,367726975
184856,076634726
184923,647944923
184778,420202276
184429,350803507
184266,18337696
183945,992507873
184009,548447061
183641,314434305
183173,774912191
182715,481654644
182806,547377252
182807,457182148
182600,816260016
182707,071073996
182359,25341013
181953,563420537
181542,224722477
181105,85556412
180437,96305755
180427,020384725
180096,22369541
179819,26223024
179910,135194167
179419,834228896
179514,719963456
179650,09610328
179212,427676687
178455,130329024
178084,82442572
177944,538644883
177723,978431158
177533,209394252
177225,41511559
177026,859236836
176371,050616838
176361,612310122
176190,095892964
176054,662837075
175838,890079521
175285,968068726
175237,846933463
174704,830264498
174820,652948546
174016,350948061
173127,509234676
173178,133713398
172612,890824055
172059,056189547
171284,548244892
171080,406775494
170786,560896702
170589,838922259
169742,90551619
169932,274800952
169173,637138147
168306,203438979
167568,847411208
167488,349132578
167114,654923506
166332,636683816
165335,375314869
165070,706061156
165220,422113902
164082,151885302
163564,086570049
162666,583063591
161457,972548843
161242,329411602
160220,834624553
159994,123945235
159349,480854315
158770,938039984
157465,790276189
157625,645033819
157863,851235203
157801,233910118
157486,7971394
157555,649026971
157003,537046207
156762,16995136
157032,515707071
156444,590072235
156152,877963234
154726,1395182
154479,655335637
154391,950927388
154617,261301428
154762,738516914
154809,739083121
154101,3761974
153965,203190676
154175,074320923
153630,896792597
152732,118534952
151982,592258975
151560,995126139
151507,207526457
150885,584599965
150878,928012803
149573,657411609
149886,039004254
149119,517377751
148884,979590944
147816,622906558
146535,445963089
145066,490815036
144614,954982274
143139,293346461
142180,652704297
142180,138141406
142312,299237851
142073,322398628
141394,6331909
140062,813434735
138900,453345004
138592,811363051
138654,553044046
139028,564477899
138622,261225804
137180,027869299
137440,138893839
137811,271718288
136754,102052898
136040,982567618
135766,248894766
133976,81332483
132410,989923854
131464,440411531
129586,262188363
129512,909033606
127526,480571382
126045,5077222
125580,79670636
125948,523939883
125645,132397892
124446,057466354
124121,86188023
123517,596658398
123188,819853881
122601,83468401
121972,671011564
120651,965135908
118463,232348172
118651,429804102
117868,004221236
116485,129440716
116417,342744148
116486,370782587
116759,050367089
115679,506018864
115590,942942138
113586,796385126
112376,065479149
111069,081573162
109646,519678734
108460,005930525
108097,635318183
105697,657888413
104343,571928806
102209,471648148
100514,104929451
100951,030572947
99745,9091992001
99317,4522510864
97862,3402552261
97677,9177154266
98067,9073273513
98400,9954134413
98261,5161725127
98331,0857650619
98043,369489822
98318,3312037375
96991,6758480998
95656,4689478019
95278,2440214491
94379,7312510189
92842,0428321866
91282,4900558201
90272,2137940973
88242,8508887782
87928,8201133948
87423,2467810419
86298,7159515209
86602,3963712533
85405,3916796282
84479,5351561949
82394,3437253539
81648,2535743111
79564,5299562453
77694,890613967
76404,1226038056
76345,5432016447
76609,6379454076
76747,7780206287
76971,5167195623
75983,8850917378
75889,1389879052
75949,7482311573
76248,758066192
75707,0383885952
75676,733304929
74513,4771175894
73824,0076368738
72584,9645294542
72304,8198295999
72610,1721516018
72995,7460592948
71879,0235763188
71814,0316037221
70392,6064947097
69840,8855947294
69403,4017788212
69451,3616021053
68373,4820584347
66584,7194885246
66258,4464211088
65904,0611564228
66239,0011564315
66154,8601726122
65340,6567432526
63617,4656052678
61874,7672412453
61021,2756707267
61193,871720508
61363,6421705856
60016,8967333473
60230,550870825
59650,6686564381
59840,1839412587
58283,0577535137
56737,6050897456
55212,620902841
55333,8423917849
54547,3337935231
54105,0165299047
52517,1121609522
51843,4806070888
52103,7748096254
50962,8267846097
50363,9034313288
49398,6848638268
47900,9834327385
47068,5000328871
45910,2314787337
44982,4106286044
44683,8204479583
44244,5394255397
44400,2139820369
43930,4731259871
42588,5124927618
42443,8184831719
41713,5602010597
41301,4579171015
41374,7650890835
40478,1469475299
40425,6171167316
39809,0601653024
38851,2241265025
38812,0523619821
38540,4027334503
38668,0369090482
38277,5976153635
37182,3359280397
36374,8906410861
35127,2704200546
34686,7580907442
34724,3693388288
34661,3371984707
34672,457863997
34622,5702254218
33567,2696929275
33497,8680979158
33193,0960595119
32992,651032469
32099,1717126362
32146,2892580311
31658,9984047509
31788,0788476013
31265,7543602893
30224,8496392488
29391,3620718072
28954,357759045
29054,0830611664
28328,5947876386
28056,8664288776
27846,6660435475
27744,957730728
27575,9170759737
26865,6692725165
26400,2932480494
26104,7380429413
25846,015957108
25943,9672305507
25629,2625886576
25525,2527374677
24702,2509346551
24229,8856073975
23627,9552924505
23029,6065012692
22395,9029461261
21807,5119145774
21569,4005367395
21509,6567317168
20955,5572319897
20515,5569612686
20561,94431543
20554,1273597639
20040,4868825069
19462,5050977703
18780,4531400971
18664,1181524416
18282,6751678977
18231,8723852712
17926,3227511456
17902,4312779846
17396,2559891432
17179,9941058138
16902,9834100108
16376,2671427518
15945,8720183219
15888,1038255586
15440,3751090101
15374,5365642781
15100,6431654074
14782,7938320324
14524,2829960512
14121,8146385093
14045,1718559228
13951,1772067754
13949,5703153523
13725,1610299866
13477,3617056318
13101,1272542846
13034,0220779301
12921,9597432364
12608,723219221
12527,5260125989
12453,5039144311
12474,2692314574
12448,0814307207
12366,8008016722
12222,0826359993
12150,0644826439
12061,0628289844
11961,1121968963
11837,0260801428
11701,5812858524
11579,7173152527
11403,2840536806
11220,7470461067
11140,0715634046
11153,3793598758
11082,2072156626
11058,0237723129
11048,4794454973
10983,8231569994
10904,7582547806
10916,1647491379
10849,8465889233
10801,0865403134
10805,771947283
10796,5675412855
10798,6886461236
10790,871103229
10790,871103229
10792,5889329838
10795,3863466576
10831,874109343
10841,1566007439
10844,3634154817
10843,6005282498
10842,585397687
10928,4027132185
10971,318402221
11068,2412080979
11181,417886697
11261,600431277
11257,337261969
11252,9373549734
11392,3538086649
11456,8572264117
11533,4339648986
11719,5000387863
11757,1757589611
11759,849174678
11974,4249097815
12076,4909549098
12163,8570135656
12367,8489080382
12558,5058556715
12676,6806279769
12782,3562143324
12939,9370273457
13235,2425450837
13448,9989658913
13478,3642021808
13585,7936022306
13898,3591048821
13870,9204179076
14082,5423158293
14510,7756491007
14672,4873013605
14708,4597196496
14940,3975233234
14854,8421415214
15208,1941343091
15525,0466030886
16053,5053804047
16424,7331944547
16874,7852143098
17341,0644703131
17444,2389350366
17718,2998068588
18255,9760208712
18622,9889975754
18798,348654176
18954,2326587435
18993,8398596495
19490,2258995828
19937,8723787355
20275,4089958114
20382,4607891554
20900,1915667475
21340,6346170278
21900,1041723045
21920,4100395743
22105,4818698625
22088,3928411916
22888,1898868301
22776,3708235098
22664,1747969577
22997,1830378222
23072,1452059949
23435,3286219667
24057,8821082344
24906,6589525707
25638,4831360501
26173,94921398
26201,0157433646
26508,8643064316
26490,3535292679
27408,3598592095
27530,8045652233
27770,2997553805
28014,5306759127
28837,2079981181
29088,4681887098
29191,8137606585
29378,034716683
29780,2412596291
30079,2204233361
30914,6852914541
31475,2708944364
31267,0381488751
31973,4253649294
32610,8666992291
33292,804472595
34325,210981141
34299,0451105951
34478,4786917475
35454,4521489654
35854,2497749869
35905,2156679346
36366,085435406
36286,9633407772
37503,04981121
37414,2366963442
37424,6471601641
37905,8214844661
38446,0700261767
39423,1794094261
39800,9177388708
40005,1664124262
41201,1468264966
41827,4014147859
41711,0280366965
42379,5785892998
42195,9369733353
42052,1803543969
43226,1064150692
44042,94546512
44431,677267856
45423,750510325
45663,2990698199
46611,1658834953
47379,5519082859
48705,5989920825
49704,6105645403
50569,5428597191
51590,9308907872
52208,6217509551
52186,1830788453
53781,0405257925
53512,1196563334
53514,8992870547
55066,3443287921
54798,9037675053
56328,6916268264
56955,5392786426
58047,9731391248
58838,3601976898
60378,1434168611
60974,1649516282
60849,1298831802
62222,0125355367
62418,9483681031
62752,367579313
63853,8337156908
64027,6337488429
65387,8411104506
65845,3784421822
66702,3639824741
67271,5884938396
68168,3044519812
69378,1190721679
69703,5891046117
71419,2160365525
71056,6574634731
70676,6743879438
71928,9141920711
73390,96272471
74275,8637383039
75574,1707768747
77466,0028276184
78608,7967207861
80453,0629813354
81303,3492360728
83306,9020992086
85247,68825683
87152,1685380727
87237,5028069321
87515,3531644235
88252,2304045428
90042,8076660233
91684,4985841176
91963,6685258423
93225,9283025098
94742,0493603183
94845,0211929707
95656,7968717889
95234,1080961645
94989,5287292361
96132,0929464315
96204,1925621899
96794,3404045371
97590,7613815123
99581,5382698362
99587,107029654
101398,923067576
102156,267372518
102274,217564461
102210,181250653
104522,531863932
105455,100066249
105228,499298667
107398,047602506
108799,560577437
109479,044667653
111611,786067118
113174,435049529
114479,84281116
116827,588395825
117388,209506856
118457,701472981
118466,618863278
120225,073342414
122383,939346129
123728,875750247
124576,342089855
125570,564985206
126467,961207829
128424,593763207
130391,407727701
130867,552154063
131776,063446906
132910,692232663
133980,486124471
135438,990182515
135189,399878722
136984,874316745
136567,539792581
137549,90847366
138046,395423608
138657,987613276
138473,988218449
138421,905721718
139906,350997055
142083,363681906
142237,10653252
143603,964733958
145092,314799451
145884,241441375
147305,596009669
148158,204189905
148905,827763886
150224,10107366
150677,240817417
151764,122538788
153657,464765317
154343,733300626
156222,270513047
158189,152146129
159195,398968134
159103,767919912
160053,069893837
161798,094021893
162900,559697959
162871,496165156
164665,899641157
164485,777239763
164387,159628141
164265,450995113
165715,037925428
165838,46292531
166554,133242823
167817,788338985
168996,415500983
169343,540973792
170470,463239801
171883,024110454
173230,655393908
174551,651110948
175368,248840683
175874,373680555
176409,949720816
176834,353673569
178152,266527769
179035,77093496
180438,457316194
180661,940961546
182046,858498362
183539,695739779
183614,665468897
183343,005199172
183931,460913344
184284,376196193
184326,208321947
184582,003896079
184303,218095973
184172,468362357
184731,415902086
185752,979910777
185825,777066322
186898,362784012
187711,053140206
188559,590237936
188654,408895733
189638,462253374
190489,506969234
191439,092164978
192087,661160049
193355,210661828
194112,457546171
193855,231261009
193799,079238253
194039,812116884
194393,628269833
195604,447856787
196694,555376085
196675,70271253
197071,291483137
198048,143927325
198240,89639751
198517,144861872
198866,584902529
199139,527983293
199859,735727226
199997,033389649
199874,657979543
200534,19796327
200376,958304499
200473,990826235
201379,554512814
201768,620574817
202814,181961879
202771,004881637
202817,197671811
203425,655646246
203368,019833546
203820,50910627
204301,03099886
204248,904384272
204484,556268627
204496,014475538
205134,917956852
205406,021027617
205750,92103948
205653,206581748
205945,818705237
206545,515630485
206427,777888643
206783,830415799
207268,506116485
207582,132806295
207992,49705469
208832,091573249
208692,809068582
208981,077381183
208908,316857384
209052,826327278
209696,946258417
209877,166903592
210280,116527556
210996,11051072
210903,337767851
211084,312527102
211207,139088141
211654,836068905
211909,36620866
211960,946677537
212482,093343967
213038,896073466
213367,009003327
213921,074825939
214324,281061546
214856,583543709
215303,180488082
215391,398012441
215736,394033259
216161,151691268
216240,807898873
216691,768890333
217156,68399704
217156,104523193
217170,394139698
217145,418292425
217396,246260841
217490,278708905
217531,645278985
217858,185975029
217970,085342588
217965,155319668
217911,886336714
218011,543572242
218041,159077506
218154,802337675
218371,829662427
218398,579184502
218589,355443914
218812,22788672
218844,44553781
218880,364573283
218945,633352287
219079,74660076
219161,191003946
219272,978101883
219270,217158563
219228,571630324
219273,055491144
219285,511956017
219260,406000185
219281,213049456
219298,793162326
219313,515877543
219297,831459338
219364,449118494
219378,526701602
219442,714659229
219456,406712731
219459,710805707
219499,948625136
219496,744599619
219497,272016727
219501,453753447
219501,453753447
219499,015555608
219478,012219322
219460,198823972
219429,990608974
219417,054242139
219406,789126484
219386,893673329
219319,040003724
219337,979257771
219213,559310462
219178,527573875
219091,220196395
218999,385564906
218832,082951716
218730,284023349
218548,678518712
218391,541831335
218254,466981009
218089,587388036
217926,375293776
217806,567629228
217790,927846248
217766,201456863
217787,83442886
217609,149754826
217319,710171728
217017,387710606
216732,886919782
216615,349555952
216532,159196261
216185,298148628
215941,180679497
215660,21419288
215675,372032423
215478,133426039
215407,06822719
215421,658358153
215364,178776844
215412,112917063
215190,885219708
214972,236627765
214631,077972516
214129,440156633
213631,132666361
213493,05962031
213526,751052102
213490,197914531
213602,577409116
213202,056111264
212654,03533882
212650,186505791
212276,732305945
211878,885965008
211507,957111672
211358,025543639
211123,64820331
210868,025643258
210686,525642613
210293,652516859
209666,760904516
208938,333751735
208589,051810234
208656,469772553
208084,765694914
207861,854677834
207509,509210428
207297,829272013
206837,505431644
206357,884718262
206095,217352217
206075,192547493
205982,187420978
205452,429469341
205239,053689366
204370,074968979
203855,979149155
203603,924883407
202729,025255965
202120,539262929
202262,536203656
201732,454743078
201586,079761147
201279,780969749
200330,133574237
199797,747222568
199358,712505132
198477,666283678
197403,255616693
197247,992718705
197050,607591446
197121,372466318
196169,106010779
196243,461885747
196227,275182076
195404,975139754
194752,707546119
193685,423799702
192495,259038489
192576,928297156
192724,316913996
191584,933669568
191832,377279217
190783,852221316
189569,932100301
189236,460574051
188940,240864835
188211,43824313
187257,272364604
185940,435166122
184960,285475399
183913,270169391
183130,73715047
182913,695462893
181730,602968416
180624,90657847
180865,821813675
180441,861110824
180111,768595795
179852,089400303
179984,771602843
178851,384941316
178971,344418665
178159,151273557
177913,850009793
177638,873082005
176983,063528884
176994,211985982
176810,412506691
176421,709666103
176569,067868777
175914,77982575
175301,293611362
174800,982049285
174000,223552762
173809,708572953
173603,383523451
173031,239228625
172216,565828887
171519,50214792
171288,719399699
169561,421827016
168398,189115055
168715,421954269
168595,8306842
168776,526560737
169114,83552142
169115,518478981
168436,302319874
166647,073743295
166137,473730262
166283,412285783
166150,110347095
164641,368412273
164729,437692478
163907,946467153
163169,770779486
163424,058630857
163053,938280872
161465,764403054
161014,959611556
160818,351431001
160130,672118043
159676,54600648
157882,646989542
156548,825980283
156559,408845461
156566,683342638
156595,336822086
155926,679751697
156166,342415289
155757,564233801
153629,436263287
152478,726755207
151822,239441147
150765,175505322
150976,018637529
150427,331529358
148669,371688828
148269,414733986
148459,35963388
148608,399463609
148792,129212381
147615,756408496
145721,096746777
143903,290209005
143214,285321813
141312,175922438
141396,317550482
140627,114428288
139673,785007426
139083,44553097
137435,045383094
137631,735696313
136364,453801298
136329,41480958
135160,428823039
133413,535157018
133340,909524444
131536,639577949
129371,491001308
127047,300741135
127083,351981989
126940,735219066
126990,734636831
126619,885305721
126471,166659681
125976,375836662
126421,007361925
126394,368252251
124577,231154976
124162,039721136
121886,710832434
121973,363659322
122196,257584163
120884,110336034
119111,121155069
118685,676078328
116673,13085732
116808,595493912
116041,116346888
114361,774855484
113631,926954833
112167,491589363
111930,479792205
111907,578344609
111786,310860944
109671,228893667
108465,039455611
108413,926711455
108269,347309304
106590,546443348
105652,880768301
105909,697409524
103985,843116839
103533,721642624
103393,444355202
102621,010688844
101420,667552184
100551,341124345
99504,1043277001
99751,0029536946
98468,3906084192
98779,4174605257
98688,047964231
98019,8266518562
97187,5853902905
95684,6484160317
94171,7695415578
94289,0899680305
93855,4255228792
93094,030558165
92470,9431665892
92558,500643759
91418,485940567
90095,3978036328
88658,2085272863
87039,7744409664
86687,2199486545
86214,9143887218
84488,2842225995
84235,159039099
84448,4860866145
83516,0344866165
83660,8350922385
83623,5474907835
82194,04705639
81017,3519481565
81169,6382057533
80823,6324210026
79945,2316576992
78492,9525156707
78751,0000595062
78522,0680273075
77064,5628180405
76958,201773489
75660,7381855014
74830,196317248
74220,0027028634
73025,3937864706
72323,1191745987
72007,8372769877
71456,2245349902
70005,4367678886
69703,5442254842
68354,3547875557
68573,9830770147
68740,3084900995
67484,4190442454
66548,3787940862
66645,692232399
65316,7994959265
65256,9510776451
65239,0209049793
64225,4939984778
64316,1247966033
64343,3022277034
64560,3187709687
63671,3624714061
62505,8304439088
61733,7364260344
60569,3057292796
60059,1942112964
59211,2747119917
59314,5961421276
59402,393109737
59047,8718080961
58659,4460775678
58856,7515290607
57967,8942612587
57158,2071773884
56856,0440778396
56232,1343770493
55612,5440395326
55046,314597104
55050,7375422246
54229,7511404694
53914,6766969803
53577,2414092894
53692,4265783333
53717,5710045598
53161,1244253826
52832,4188381201
52427,1027622567
51870,2235266486
51703,4350407681
51871,9223329111
51630,3267768765
51481,0018725836
51411,750977141
50911,6580862324
50752,1564948315
50212,7059820073
50307,4654661562
49499,3571069897
48698,5219309079
48103,2435648452
47848,4285328817
47244,7763593824
46793,2727894556
46194,7220897124
45985,1787502057
45621,2273121218
45228,384694845
44749,2835144085
44148,2587694655
43632,4198292497
43074,038241812
43093,3640180038
42780,0558002409
42367,0152252148
42345,906857692
41790,0289917502
41728,4975211938
41185,0014569871
40680,7984243589
40409,2016179894
39979,651637124
40022,3821777728
39786,635794524
39681,1686674755
39775,8301894339
39625,4201464855
39496,4674972304
39552,3547910443
39182,5800942671
38880,4912352394
38852,5728822565
38668,9159865511
38402,2603612054
38226,1867423666
37930,7342486176
37974,3701014718
37937,5901147045
37975,7314712257
37679,95272864
37722,4022298447
37645,7491273909
37631,5410850919
37488,4050057571
37442,2858863148
37416,3804121843
37329,7786253444
37270,4938746599
37071,2011519745
36942,2557342007
36926,9097059865
36926,9628076781
36917,6388649986
36894,7902983716
36908,5150978167
36851,1149920525
36841,3195818216
36844,4633179328
36839,6879972153
36795,4859137505
36758,3882359756
36737,7713555493
36733,9047414039
36723,7918837583
36723,7918837583
36729,278927086
36729,0722245078
36748,4588092709
36747,3945761968
36795,5292508032
36868,5206218896
36939,9087269077
36964,1638031809
36942,267841017
37027,6460640354
37015,5755237112
37070,1218698238
37094,141954748
37138,784723438
37215,1877030797
37222,9866854702
37282,5876015214
37362,0600956001
37452,3269853656
37677,0669127023
37711,7438943545
37946,6437174087
38199,3266252095
38363,3177369148
38411,9439827423
38501,7317604341
38595,3212244813
38798,0124225285
38893,2088014739
38930,6494632632
39046,1640153653
39395,4008005029
39732,5302871112
39653,9820077711
39865,2849814715
40244,5388821372
40475,8907048525
40838,7535840611
40781,2488298192
41259,6070660285
41568,7379818734
41964,6265775995
42128,1718220548
42516,1435015309
42592,7710594662
43052,2437102013
43316,3445441967
43504,0160914254
43392,1328152648
43447,3421655198
43863,492917283
44472,5754898394
44379,9383419867
44858,9511387886
45220,3490608877
45744,552006585
46040,9221440585
46212,0380904131
46557,7438827978
46816,5348902531
46786,2557943864
46856,6351812098
46839,3903517657
47003,0624552524
47322,6352167286
47693,3610433435
48192,3000013
48839,8347834423
49022,8296698341
49622,2333679908
50191,571500656
50645,4269568606
51038,823722324
51379,863602715
52287,1924381572
52309,6803978329
52455,4599257663
52363,7500240128
53217,4201063444
53818,9408566138
53937,0258570749
54369,6993080607
54886,0898865041
55270,1460335921
56251,6638668943
56263,2955959995
56085,8235239602
56772,9181803546
57496,7130115695
58252,5885738091
58293,3112064286
58752,6174076901
59051,9619631001
58857,0063785224
58941,4812010261
59223,4352153848
59865,0148209352
59701,4010903925
59881,4839522885
60357,77285912
61033,0416633729
60981,8265350752
61910,1378517868
61947,520189523
62182,5807064071
63040,2657432741
62823,3826398611
62850,2346084487
63859,3301171995
64320,8865050419
65109,6376697519
65759,4589191094
65520,1512911175
65792,381540502
65642,2547526766
65484,7429074165
65815,9694976832
66579,9386618398
68054,4898617681
68917,7022034739
70345,0049195263
70757,8346835963
71039,8297003292
72576,8646392214
73765,3046527929
74646,780710304
75969,3702657257
76084,1582965634
76448,3690605567
76344,5048390559
76296,5847320503
76121,5288589296
76084,4331229353
76919,3445743963
78321,2790382607
79784,3436842235
79527,2012728477
80974,7230663616
81938,5804317892
83414,3393569446
84901,4757099134
85501,6318945318
85922,2659070318
85706,2282682419
86516,2365469831
88253,2352825505
89545,6318775208
89776,8861256697
90986,1900227942
91406,9475242027
91417,1157784462
92841,4558434655
93183,7421266564
93609,7690824133
93615,5360126018
94972,9355317854
94704,0681405983
95411,4016702705
97174,0738171227
98637,8385957092
100598,288024039
101692,006464838
103123,204605314
104906,741385357
105143,823631583
105218,960474483
107078,173169741
108509,837755414
108765,67857797
110044,419011301
111329,25768158
111887,556412532
111517,754836963
111791,832839441
112124,366294022
113242,039427249
115235,189758263
116900,17277265
118387,059947956
118378,131027252
119020,024066406
119502,306978796
119156,016419396
119576,320176386
120746,041684386
121392,801616641
123453,446435245
123356,058441546
124252,015930856
124744,475403282
124325,159925688
125255,596008084
127031,701466286
127950,432481478
129833,529217181
131731,319484475
133089,443606361
134233,105447483
136369,74570236
138320,575561851
138751,88606042
140756,539562535
142609,458560171
142892,63956174
143156,829253077
143610,893032368
143144,487132316
145534,351010503
145281,147106442
145716,761899994
145827,922930285
146870,407618577
148338,659891923
150151,856912586
151288,276843784
152051,363625459
152902,18522053
154339,847832186
154918,426996303
155949,670658459
157993,408432607
158736,669367897
158658,232045163
159757,311420298
160119,181992545
161808,408429948
163908,096813181
163813,588756994
163783,181521968
164596,78068738
166279,985585483
167657,45043804
167755,77619762
167697,521878333
167875,960416014
168732,418750235
170197,202078038
171898,556896624
173495,95958767
173851,67055168
175698,741247371
176521,588972188
176556,756890471
178238,201249643
178719,138232867
178904,777918455
179000,545638427
179071,269219465
179792,562761369
180914,790928447
181828,144906441
181656,830862726
183277,958040634
183345,847649597
183732,665692894
183420,93851022
183903,205871359
185312,906236146
186047,14777889
186133,257283074
185929,52372919
185850,500246662
186834,179785417
186852,775343602
187031,242414306
187598,577283033
189084,309123864
189382,516678183
190497,930865503
191650,316053034
191934,589084516
191911,052097002
191765,282123089
192807,500146637
194277,193885746
194178,625192556
194513,3866639
195334,848189402
196327,310827257
197200,609078269
197128,335045006
198042,365451154
199071,249232615
199030,11368601
199478,328904127
199276,207959747
200343,184088445
200703,442824808
201275,184382912
202590,580011142
202366,954225315
202965,704454188
203629,632582446
204528,507249464
205017,327917228
205759,874581861
206375,086734799
206507,901655806
207427,857832929
207823,526222001
208508,056557919
208319,101523108
209044,095982587
209286,559641823
210105,291467629
210870,866013198
211234,170689658
212030,267757355
212866,533693689
213463,023002276
213425,059099744
214455,110508116
214459,843025694
214590,211771117
215557,660642925
215725,418334238
216737,368713057
217188,096486379
217990,362313977
217833,822986967
217725,184769911
217752,406577548
217844,702096637
218366,778308246
219079,764363379
219551,375862049
219863,539997368
219732,883471088
219767,197965247
219961,35545009
219936,946245982
220221,389142736
220112,92318196
220259,80895568
221031,34772775
221599,05009172
221999,624096141
222530,905629029
223289,405987334
223268,08783643
223677,594739287
223574,579422083
223725,768396364
224261,999640277
224696,614228377
224625,710147072
225216,426261477
225581,112050997
225684,94724482
225604,760216432
226065,298113276
226221,93896915
226172,456068794
226313,443752574
226424,589934745
226859,95370599
226756,065676962
227143,444525645
227064,906818597
227062,913711577
227287,926755819
227609,969432705
227739,091860804
228087,294293263
228515,959449169
228896,129186532
228999,138568785
229131,179205746
229306,050497798
229293,882597946
229285,924522591
229256,166218479
229547,040883184
229864,684508833
229887,947389285
229989,520585647
229938,836974656
230162,949181524
230120,5758888
230274,03354681
230385,812669397
230354,932068438
230550,226069943
230656,720462925
230678,019279927
230715,327335281
230864,215623318
230943,835164933
230964,530235126
230960,240488743
231045,922952152
231117,890888518
231171,21539179
231219,078495231
231235,518243781
231283,239787738
231320,500704873
231323,682307605
231322,285653445
231322,285653445
231316,162867593
231294,939969121
231267,334716024
231218,72440131
231221,522154178
231234,113310469
231198,374713662
231120,011771918
231031,149088604
230940,881298683
230811,778939688
230676,119760478
230535,138555196
230526,770888286
230379,046857899
230359,215145508
230393,165224975
230211,208924118
230023,69673754
229843,523039241
229729,635623505
229528,894629877
229274,558375514
229214,578946483
228932,215508644
228972,027004712
228758,959139662
228739,996017642
228606,450989602
228442,96201174
228069,628740172
227960,759915903
228002,646102553
227772,167134625
227375,530324587
227176,331971856
226917,468202899
226955,040065135
226649,006372931
226723,622644394
226712,473138276
226331,606533761
226383,161708303
226127,570276749
226129,687763613
225673,124237543
225214,791106
225293,00274543
224928,777575598
224699,438852994
224246,783959732
223745,170548358
223216,579763729
222628,239877146
222427,180720323
222500,210865467
222262,104061363
221551,898570521
221269,966255611
221067,8007011
220920,740760139
220653,45303506
220467,592362539
220302,498690312
220382,130315265
220034,155519772
219249,628927618
219169,028027105
218563,43188344
218082,671249582
218080,80279412
218139,822803151
217435,117583273
216779,59373587
216951,405954128
216830,728245195
216279,051358743
215894,58852045
215782,103307113
215763,681889413
215718,214150351
214790,635118751
214264,030153265
213712,744936955
212952,444487164
212723,945548117
212322,72504687
211405,177396361
210622,411759777
209657,49221938
208566,066503277
207860,446129593
207994,656867238
207937,055911899
207854,823625527
207795,97851381
208036,461625406
207781,794552586
206845,267875036
206136,749514974
205370,164217561
204916,030001968
204984,693125217
203706,671707825
203925,716001333
202816,365075674
201901,503397564
201131,738550834
200670,105039053
200125,180563971
199252,168107316
199530,270202754
199235,902439145
199007,160212177
197582,397450744
196728,955171686
196456,784193173
195535,587165282
195521,347941826
194915,485725731
194273,3761951
193920,863541261
192803,018190109
192921,457930442
192998,878592704
192271,331065843
192497,957976724
192118,613094726
190537,321479368
189157,51468686
187854,588739458
188182,588369437
188301,816454865
188120,045226881
187993,971412262
187092,246423549
186482,274959028
185662,21824015
184236,657998348
182794,288506085
182354,743292377
181357,614007154
180197,394341218
180223,357634265
180409,503547793
178585,315937186
178445,234392132
177861,757383149
176442,049457417
176439,691820257
175975,582926719
175829,702914723
175334,029142304
174053,402634876
174424,404943444
174419,380693032
173768,474663262
173522,991161474
173542,910321667
172729,334172405
172458,976470071
171009,665957281
170582,680345379
169425,372832958
168680,400470127
167630,683006124
167900,920371322
166657,944666876
164824,819718196
164355,357292988
163042,411700717
162516,820252532
161199,357979275
161263,659677042
159290,756954942
158944,784539896
156939,87440301
157343,329864238
157661,703183482
156606,189146594
155680,633672952
153904,878942679
152557,87475236
150894,96251864
148787,796345857
147074,382918962
145906,066591411
145854,264400233
146300,609348864
145090,80355794
143173,683249111
143568,019936175
143519,560911623
142552,77671685
142055,316543526
139727,031940179
139808,530270449
138654,311286591
138192,919123887
137145,207430106
136090,295515342
135866,174280407
134529,20535321
132119,508245602
131074,839589426
130054,590013498
130284,245811983
129576,945449664
129659,935499282
129158,64552168
129367,965803907
127734,301521414
125787,719617323
124684,020420513
122683,734344905
121634,764576694
120516,924518849
118653,151683477
117217,719135757
116353,661038463
115545,855928149
114445,98839842
113918,362825074
114287,926120945
113774,990502992
111642,559301575
109484,88506712
107698,848572957
106323,825510872
106081,680734839
105786,398397516
105177,066223944
104873,670976199
104761,302620243
104774,804867964
103071,778280901
102675,858672523
101607,936680783
100590,081930237
99455,203550541
97654,9195601701
96344,4978491222
96702,3322628988
96711,024736566
94852,2697015845
94508,1388986476
93438,206825811
91947,1680162827
92167,3597794969
90985,1459461486
89551,0994578859
88069,6973924987
87021,579258993
85584,9788999546
84270,240111268
82977,4476478301
81524,1557695814
80169,231358217
80329,6706159995
79775,7848712926
79800,1961987791
78858,7867808671
78207,2633630839
76796,5770137265
76727,7111860206
76971,349282458
76604,7534728713
76847,3101460873
76083,1821660444
74956,3697198301
73866,2719468968
72409,3981629984
71334,6187520536
71399,1012874505
69862,4207869844
70162,2068869009
70385,173227198
69971,8679041239
68887,2288973285
67529,4414133253
66694,4429085428
66244,0397445361
65692,9194355996
65480,9310507843
64874,191651132
64768,9773790564
64984,4956516946
63702,9308539108
63424,5556477394
63059,1682461235
62971,7552472987
61789,9991449211
61588,7572158318
61233,9950373998
60834,2722081201
60737,8398696321
60781,0702347808
59723,058096047
58642,3742399244
58851,8625599155
58522,8722958043
58239,0182328704
57431,7510337529
56570,064360337
56241,9267174091
55843,2319326372
55907,4205986156
55150,9646367718
54635,7442750626
53698,734870458
53374,6740312091
52832,1938957354
53043,8110010443
52956,400326743
52810,3187351986
52382,5263317304
52161,9721720133
51851,8693815229
51518,9422925937
51017,5038565108
51172,2725750152
50765,9543045419
50598,745189858
50429,6140486875
50015,2392479797
49917,9003707023
50096,0357675479
50210,6712200158
49714,4233759615
49599,3550649862
49359,9853664418
48858,3337015639
48739,5244691671
47935,3947516061
47753,5093060353
47072,9437932902
46935,8917582781
46322,3756094165
46091,071367656
45709,4310147742
45434,3633732215
44991,5537164957
44369,5918844952
43826,3679264849
43668,8072952409
43752,7522597475
43848,0315066779
43402,1866459778
43204,1680903799
42846,8259176639
42486,0718549742
41895,768868793
41627,1565025793
41108,1491762839
41123,6693156385
40615,4097812291
40226,1057630574
39706,4721516312
39268,5324147327
39027,0149104866
39082,2954433472
38980,7468709398
38911,3355516494
38954,9100218538
38631,775587333
38606,1776728322
38478,9356857855
38415,6970074301
38192,9394804409
38154,4522838842
37800,5765965162
37709,7884232394
37626,2875579266
37663,2544318092
37508,6135273037
37399,6867541912
37118,5905913882
37015,0404658827
36836,8756111134
36682,4241277553
36455,0675774598
36312,8460412323
36151,6743874773
36152,5439615341
36040,8508629348
36038,908946752
35996,3734243939
35996,8365055128
36005,9006279816
36024,2577140166
35945,6274262979
35910,2747836491
35915,8142046062
35890,1755745254
35874,4611783291
35878,6293224494
35858,9330248878
35850,4710062587
35847,6365787513
35847,6365787513
35849,8348713394
35872,5978057238
35867,6007670758
35881,8241019075
35869,9885851145
35923,7305269316
35911,6951727407
35966,2552256646
36046,6742076689
36104,6838659686
36218,8214146135
36279,3783848106
36432,8338438509
36605,4253928908
36680,9349730285
36867,8975029215
37037,7885926841
36993,3986991718
36974,3756903167
37053,5814580166
37308,3261755699
37503,4955543764
37519,9210144459
37745,7945051884
37774,7862156452
37742,2613765323
37927,6011952191
38219,5949616318
38234,9097539049
38263,853214202
38209,9142571663
38165,6010542233
38570,0964879017
38895,4895307793
39332,5907535792
39383,6317318114
39629,9053478881
39963,3655148324
39965,5290702765
40362,2317561188
40390,1480619043
40903,6953743396
40963,8486356044
41126,902962413
41099,7715526613
41433,1117957139
41701,3016733218
42300,5046501447
42402,267958267
42810,1298519689
43417,4289415825
43761,7867004696
43888,820301942
44445,7667721336
44954,2766487423
45007,9653286609
45706,8157289223
46061,5498256298
46023,2440293223
46408,0794761278
47140,3273120016
47765,6095309071
48102,9807587721
48039,7590475745
48468,3858678218
48755,835165754
49189,6367861594
49762,086754876
49824,5398806686
49737,3725367432
50227,3873718896
50603,746328015
51110,2921476036
51364,6503369885
51590,5175701878
51696,557915131
52462,1265825415
52541,4093743961
53223,8217291363
53694,5302770439
54012,9364764259
54930,7358126985
55244,8504918915
55172,1473378131
55147,4311298021
55196,6328226706
55084,3156089653
55027,9578508697
56128,9309309605
55942,6925690026
56334,3422483113
57168,1396081404
58183,3650089774
58545,6551415262
58550,7617371632
58362,8124313781
58352,6706536027
59134,2284128595
