402,503579145493
402,503579145493
403,435416492021
406,354140645122
408,691844633546
410,967946295417
417,467008189735
425,355650010283
436,489470562207
446,248883549977
453,915695892413
462,686153461143
472,298072009499
487,301238277304
502,329486109275
521,013461167684
535,783219850585
545,761874827613
570,484238022969
599,912056119877
619,817989695383
644,058765232034
664,390836592699
693,335311044176
726,36922576478
755,026810701134
776,084770117628
818,523947198511
853,010681907043
869,164397278165
890,727490390123
925,723243025998
949,908023049973
980,096019665095
1011,48882305812
1035,1515864887
1078,09012476526
1116,33946864024
1173,63934244148
1208,7218558322
1248,73587337472
1283,73595859048
1335,20186678879
1398,33748076475
1429,56045984892
1487,10460146652
1538,23409762282
1600,27146245807
1639,77250662649
1713,46647370019
1760,7099950987
1815,33075146497
1892,76661492574
1954,25521825821
2037,68297923027
2113,94666206147
2203,90971176354
2245,96850796002
2315,36906430102
2349,87581167081
2412,7992043215
2478,94646229873
2558,90119080253
2655,72713730271
2701,95623323957
2759,1116370756
2820,55297168827
2915,74579847676
2956,85758922803
2999,64062413263
3112,22770847796
3171,59918690331
3250,70874240516
3315,06975339264
3376,17227930218
3445,81509695531
3531,81463922175
3632,76089816096
3745,86654802826
3854,74348309905
3963,67514756836
4083,58361371081
4143,61837077409
4277,48321443706
4392,97712230703
4447,25325152281
4511,86747089427
4579,08306193652
4700,97585486838
4834,6553729411
4932,50243021138
5003,8307896678
5116,76018293694
5250,2504363259
5369,93481681965
5424,90025614644
5517,42809240666
5588,1547648816
5709,46214053704
5844,70286051135
5942,73705824511
6051,16539271966
6101,27927299443
6203,38510304331
6261,55666541822
6377,55711865939
6484,19673734516
6554,08915167219
6615,4000811286
6733,77926612269
6811,99093984224
6913,13921669646
7001,49604732785
7099,63810007616
7156,28076519283
7234,04482737942
7321,1553180513
7389,99983949329
7474,94881745867
7539,50118203936
7605,64454575308
7658,14137846431
7704,70254488096
7767,77919938272
7823,30325862367
7873,48005976976
7926,32954957467
7993,55277673249
8073,43068976686
8130,22970608293
8188,86958501871
8227,11827803788
8295,67455821471
8371,69451623459
8418,5245000228
8474,44318495123
8539,14262368461
8593,24181359828
8630,31351741083
8663,01918978919
8704,18565131558
8729,99526627777
8780,49138062528
8822,25592321383
8858,52339585115
8918,41230578519
8953,39846906205
8980,84776804927
9017,40202214087
9058,62162340214
9080,39441812182
9104,33080738769
9147,5258221753
9173,52058394227
9196,10799249961
9212,61625573938
9249,60918677074
9282,0136165556
9313,09613698127
9344,77358571865
9373,16604887206
9404,80275639739
9432,22807914046
9452,75728161033
9479,16615074256
9493,54962990734
9513,92760143205
9537,12611440514
9553,47529949111
9572,99526307511
9590,5649774232
9602,84717912842
9617,35390974941
9624,01256192276
9632,07245016983
9637,59054639835
9645,67644252346
9648,58637390387
9652,10671529144
9654,26695282694
9655,42285402249
9655,42285402249
9654,05011765823
9652,38736104203
9649,60865285412
9647,33834063796
9642,02164089558
9636,81963243375
9632,67789984662
9621,35923863091
9613,96436311827
9602,92302940308
9591,25973758348
9578,15656935246
9569,37165230356
9554,75704134174
9539,16376151004
9520,35109180354
9510,55930088121
9481,44003127124
9466,05056773508
9437,68950690487
9418,16358432633
9382,64384033619
9364,30470705053
9328,90456298601
9293,22299391959
9262,35208419004
9228,88339992769
9212,80951699271
9194,71912529489
9154,62401837586
9118,86775347456
9081,19404648177
9039,42487536827
8994,54330168334
8944,91088474632
8905,12224033016
8876,65596576408
8830,94672182362
8777,13649874706
8752,16832446994
8723,41505396677
8663,24098662186
8618,62934626991
8579,51806404297
8524,86863754375
8476,6331693036
8400,73434300006
8368,71364063551
8340,878174554
8278,7153852676
8194,419691989
8139,39298207793
8065,99976466163
8014,93431236205
7939,32724261704
7895,69910698553
7826,47921745374
7755,51165180824
7698,20001314622
7654,32332297214
7600,37783214169
7510,9479996727
7425,39048705943
7365,00973545793
7280,58403809429
7207,88760370323
7143,88345332973
7051,05365657014
6959,89715295867
6887,29311280371
6844,12647830413
6798,09531995836
6707,53297729615
6613,23082369749
6546,97877348262
6472,85522339897
6404,67712610817
6302,91144505694
6227,2616505067
6113,14844623098
6051,35762073139
5925,80026035029
5877,5895414599
5787,91098570976
5717,83536350592
5611,53222287845
5532,28818813447
5442,78392254144
5353,94353110503
5229,50507613783
5142,33472793189
5073,53881775335
4956,34107356257
4907,96114616417
4777,09001187127
4711,22671926944
4665,08305591381
4547,68622820134
4482,42615958997
4405,07835577584
4346,94341086435
4278,3646382503
4151,25778637162
4061,59901512397
4019,67251236925
3907,87228468889
3790,88382269868
3739,87403393822
3633,28545727663
3570,30136781812
3485,32989814015
3398,64217582433
3352,07049210783
3303,86754381005
3199,04342758711
3147,57591324359
3081,86463156648
3013,5051903321
2913,50179594382
2841,15729848961
2789,03759322319
2720,6063991206
2631,46152486241
2572,97054005176
2525,50322430363
2438,25324992932
2359,82438373813
2278,57862673351
2248,34972079483
2183,80343774073
2105,55588456752
2052,85133528502
1982,51556837119
1951,12286229982
1879,58789590341
1838,21855656023
1779,8308076401
1733,42441333179
1668,80159590753
1628,05444179842
1582,54496946016
1524,64427357499
1470,16546602577
1440,0769694031
1413,77672126617
1374,56085084919
1341,49958288058
1323,5548175826
1288,46597984829
1268,99084855912
1221,89920829208
1186,72614223561
1156,56342480328
1134,76913678528
1095,49888598059
1080,5319660051
1058,42073094623
1041,92711099737
1020,8296233743
1007,32729804346
986,899055263359
959,124432656419
934,196867884503
925,176985164064
904,137024232836
889,501073175256
868,282324867315
855,824804089122
845,446451558542
831,149184411788
821,779226816017
810,861608310658
801,437625927346
793,952856810499
786,261596448237
781,18614107272
776,346432896353
774,335477946343
772,714593335455
772,714593335455
774,237453324588
777,1523692081
779,588257517335
784,534133617152
790,473003138041
797,172423053733
801,583529830526
806,247847231133
816,091830345757
826,440173997972
842,00640201793
853,633676272093
866,261004017907
883,71946111548
894,374426233359
907,81629001156
935,394562527013
953,56695040271
982,319558218907
999,516814694945
1014,83671962847
1029,63416196468
1063,74100087464
1100,17403417665
1139,12440184439
1173,84969097148
1212,29798548369
1232,97108242971
1261,80202497203
1295,8070514994
1338,59288219713
1385,46588842703
1436,01728776286
1468,88532053732
1520,95988221642
1541,09176300648
1589,07873647376
1630,45621060194
1667,96836447059
1716,3351999064
1779,82972391047
1835,33036738211
1890,08493219094
1938,04525680181
2005,15217542786
2044,78594982031
2100,25274410805
2147,9867741684
2209,25891531754
2286,10239576472
2366,68373257959
2413,92217741066
2458,69547744869
2542,58575420664
2613,61878633721
2688,73681813887
2733,03284070597
2804,91612605722
2892,2367737784
2963,89782208563
3019,11526270921
3116,46031618602
3215,92363158699
3260,63896058598
3341,27549927018
3399,61335204422
3438,10748681935
3502,1945124386
3546,78030654407
3594,64461445121
3651,42079805997
3722,19667125106
3799,85751600439
3896,26583433926
3971,14244729956
4014,19953950671
4108,2073732522
4233,43976848325
4338,59347885488
4457,33549099785
4511,55889226224
4562,2521085978
4682,24551038379
4751,66360059754
4818,28957830219
4892,54910494373
5019,12454564059
5157,95915874533
5280,28490817344
5375,61180676752
5439,7860814863
5571,67452946695
5648,25670985658
5709,23706791355
5804,90541753615
5890,32393931298
5991,4640249725
6038,86006491026
6130,23394726979
6215,97723598484
6283,63876229659
6342,46430016265
6448,62248347259
6522,76447791659
6628,02129839301
6737,60034091453
6814,94692530948
6924,1526658643
6995,2337336112
7092,97739597928
7140,14316660567
7240,6080250207
7296,59966277604
7392,1356011381
7480,08773940647
7566,21571739728
7633,33423175307
7716,43660603108
7813,6404196309
7907,77512841704
7963,42672630167
8025,49629863092
8073,03738696359
8152,61283961688
8195,18213186087
8269,19201243063
8351,29034193708
8385,31478110795
8441,99338778948
8496,38605186135
8535,15659048774
8598,27102383054
8650,87835544659
8697,88843881863
8738,18716003166
8797,24321281928
8863,11729415182
8892,19175055597
8956,8555827176
8980,71656436487
9029,19230938568
9057,16427021865
9083,72488250303
9131,40698558356
9157,08509467951
9194,07168119017
9232,90613659251
9280,16770529492
9305,06265573648
9347,96383690668
9367,83971276785
9398,87852835703
9432,76999343369
9451,67126993832
9475,8279695728
9493,0700743024
9522,34745743123
9552,28155340693
9572,2647162729
9601,63631029815
9623,89777333063
9634,78007402831
9647,56833433605
9657,1719376779
9679,01115309273
9696,85200521965
9707,71080924792
9726,3949569399
9737,34497231853
9751,23834027787
9759,82869267276
9765,13117693838
9773,53143102552
9778,99974268092
9786,46749982396
9790,79455021963
9793,99629372282
9795,22225383061
9796,36382661618
9796,36382661618
9795,53580647672
9792,32650623896
9787,85967871656
9784,37835419498
9780,6847287485
9773,50216221695
9766,13562580537
9760,62202465079
9752,05140110927
9738,93429926031
9729,19100625767
9722,06821448164
9710,23200160733
9694,38440068417
9677,91776161365
9658,22078277302
9643,89342808788
9631,58482791906
9600,05898422489
9577,55459910897
9546,30420303785
9509,94271072041
9482,5887593678
9444,69295995298
9406,17543399805
9371,68739711144
9339,85101360719
9310,11872477889
9275,64263787101
9250,40281774833
9225,47866045703
9183,76077714708
9164,73998146898
9127,87164268685
9077,40164760485
9042,3475024405
8997,5182182465
8973,35305110968
8936,50319489671
8887,95990928526
8853,87766054315
8811,65622279205
8781,5915835139
8717,98103199248
8645,03387902168
8595,72592161709
8531,11189614078
8478,23016047837
8441,26895195296
8370,50566461739
8300,42181009371
8246,07067113949
8199,41275546535
8159,44280031812
8071,32775879788
7979,98373996364
7904,65727444543
7866,97336144658
7792,26879142617
7698,94542196537
7659,22238200843
7596,57954420142
7509,83455322082
7468,98495680737
7368,79765312133
7267,06490889212
7225,15724607623
7135,77890090915
7051,26463035493
6936,70078377553
6885,41076639171
6839,81563822541
6782,9481142913
6698,88616805122
6579,69075121258
6455,9859474065
6343,30291516278
6294,89112050942
6231,7624357183
6109,72478892825
6029,21274292196
5963,46037659078
5912,61542871072
5779,88741500119
5698,677859752
5604,30414693244
5509,5410608607
5367,98550792309
5247,13645329619
5170,33484513009
5109,9662521466
4981,43712683546
4919,40180004212
4812,79817277051
4746,26176191141
4662,22066626032
4580,16075152965
4467,69828584044
4345,54482068066
4241,15905306539
4175,68087969449
4065,26122647792
3947,07724925799
3836,55868327527
3755,59533578115
3643,56140597452
3538,40524394898
3490,90593077727
3390,36328494801
3292,32854089629
3183,48366589113
3119,78800720295
3012,93657133598
2936,2115478819
2887,51503274507
2786,4609366251
2695,92857356772
2605,75053502351
2521,89094863327
2462,69750689931
2380,75125986178
2344,17609508449
2265,91319822854
2186,42527590057
2141,8701113296
2111,05254810743
2049,16549401062
1971,52125123082
1938,25450368276
1857,13507467413
1788,41361059503
1712,08032270449
1647,22057378827
1595,09574424094
1545,13600991427
1478,80338863183
1439,27968905586
1399,13897089001
1354,89256135987
1324,05253461339
1287,69384672812
1248,49484750674
1199,14115963259
1173,53307578207
1139,48907474241
1117,07485281107
1097,23397601968
1051,45467026048
1031,73110969215
985,383335842641
944,571540012209
922,779669690538
901,283599147934
860,84947389049
829,054227187397
795,344438309084
758,898531615554
741,346931208264
727,222137612106
701,86490065947
682,697421467537
658,628671289995
636,340649119293
625,612900922279
601,89407113228
584,258650474238
571,751315811348
563,5158254854
545,838202694585
539,193850605809
533,684129162049
521,557729552834
515,740453641866
509,599685894886
501,893102279216
499,178086461967
494,345393450389
491,696952347318
490,312478327515
490,312478327515
491,163188949688
492,45850074946
495,29499762811
498,609258369693
506,547593353024
513,68080692824
524,1323374402
536,970530181459
545,502881899526
559,197983889127
574,75552547688
589,640988028049
597,340640041072
620,488020427154
642,661947599167
668,714616256448
680,369084531428
707,073285860325
730,347203623118
748,285529314954
777,778678177102
796,875989404885
817,289052999425
834,946765792553
864,191543378047
889,936646264453
917,46572201904
943,636390404525
966,848043124039
1010,90181324184
1056,99596866595
1089,93910047251
1122,75473528155
1155,83562733879
1185,53526273024
1244,33764724032
1278,50772753446
1337,52082370833
1379,54674057669
1444,02193428853
1494,78293478403
1545,37832488403
1594,01259931381
1645,30014788593
1679,72421507418
1716,86454165143
1755,81988688469
1813,82435689498
1862,74266998853
1906,53899467158
1948,6160320115
2014,59869664741
2082,27560591578
2129,34083564696
2217,64490113538
2251,53910131682
2334,79064301218
2404,56357562379
2467,94888313534
2553,56378894545
2647,74039491365
2712,36292936874
2790,62121062027
2884,27870846063
2940,67168737278
3050,40875839349
3131,4079794711
3231,7223158769
3272,52926258594
3345,49143329107
3395,54897996056
3467,91946711053
3517,03262192061
3601,12628967815
3650,03107257993
3744,06791665084
3840,94867587808
3959,95783777959
4012,4089914714
4105,16629490649
4215,02566378671
4311,27836190717
4397,55498395423
4527,46319889053
4583,30162900475
4703,77222573226
4771,39887365166
4884,67571992699
4935,24592640358
4986,04266602131
5074,0498277251
5146,41836452211
5229,8045099231
5279,37848932497
5403,55741429362
5519,98370010769
5647,17402125088
5714,63735259848
5785,1050800717
5890,54182004651
5943,0728932852
6020,30869200325
6114,28040993395
6161,67422530166
6242,57655560627
6339,9986538643
6442,47825180169
6489,96706500055
6591,15803405983
6664,53265585555
6713,56143461734
6765,57055180921
6853,81545110268
6910,19107435945
6979,20183953329
7078,68687808196
7139,92750237436
7237,95723477182
7292,81293618652
7376,92586132366
7463,35992509865
7551,7256295177
7644,78428188238
7734,93237741291
7787,54321773269
7849,95495562752
7888,54129958729
7935,20815472053
7987,07872054949
8059,02092198462
8128,27093676793
8196,74512617813
8267,67025046565
8294,96235667082
8359,75987864236
8419,91935656819
8446,92939714285
8516,40399938181
8556,47841231555
8613,59894214239
8661,25149725557
8708,36446605575
8737,33055275639
8787,02989236678
8835,52159720515
8868,42144207492
8922,85562925952
8971,29172197502
9018,4445857604
9045,12638689855
9083,4786463315
9103,25725417402
9136,49202412661
9162,89692401868
9179,83596143488
9198,77683502438
9222,56786323248
9258,01752298126
9282,93741019271
9296,31213509515
9324,92056555682
9343,37489432685
9361,06416396382
9379,17270291612
9394,83699052951
9405,12395845889
9418,78246006009
9427,59752450064
9442,34697220932
9452,36608084895
9459,44241768682
9465,16683407707
9471,20814519734
9479,65713333066
9486,66598233939
9490,8141516078
9495,07914391998
9497,26449660262
9498,42817660505
9498,42817660505
9497,29660298499
9495,87929099142
9492,0594227153
9488,842837171
9480,91518851662
9470,95429501853
9466,90600011899
9459,68310066046
9446,04487022228
9434,2702790957
9420,49838159776
9401,01472062625
9390,72193424253
9372,62794538215
9349,34639278693
9339,1733578162
9314,87442554203
9290,0747919316
9259,29644828243
9234,48947787159
9211,67353368961
9180,09754336186
9158,81549166022
9140,45986511328
9111,78397545184
9085,97444828543
9056,62162724623
9028,21389181096
8983,04341875652
8957,99967796166
8917,2226378922
8890,86420653404
8852,46072107007
8818,92206198177
8764,4870379702
8727,57037774289
8694,62786934555
8662,66114456394
8619,68047698791
8585,52761435612
8550,71688180358
8489,941782287
8454,67511931058
8410,86649627906
8375,75150491215
8323,23958089986
8274,73584841667
8231,66256307522
8196,4433681651
8127,60500883651
8074,10169777343
8002,45722487116
7967,3890542421
7905,3726432226
7867,17786487347
7818,04684466515
7769,39825397191
7728,31959554357
7653,63286548543
7567,18870663964
7481,46795949736
7392,10457790096
7338,25827670954
7300,76316718696
7264,0101342248
7178,80495269419
7071,92313929335
7001,17009665666
6946,23277603734
6869,29531991658
6777,63768527238
6721,12021558661
6614,77911994448
6510,96269168886
6440,57157642805
6393,39010547799
6270,48443788092
6186,75099286282
6062,14665620896
5969,40082801325
5871,3063969384
5811,80838407905
5681,77507731838
5561,25373502633
5460,60065335934
5401,06921279958
5336,5498275832
5220,18974942062
5136,14943969843
5029,4240162382
4962,17508874109
4861,90300314571
4786,60548419406
4723,38177728445
4591,24091653834
4488,61480892263
4441,09964222131
4340,03379726527
4287,7308929233
4170,76983426709
4082,19493197873
3962,92726153982
3864,11431290429
3764,70660637794
3697,80165800155
3577,5940887143
3520,36512385374
3440,52201952113
3335,81435134519
3219,80084814408
3150,58015975173
3105,22736642057
3012,6260270659
2948,55820887217
2841,07668524091
2775,65773899725
2723,5488182442
2625,63671674171
2568,34115553236
2481,39434126402
2384,70398055197
2297,61386409914
2203,28262622235
2133,13969063177
2083,45190096292
2052,35910731893
1998,72705947731
1924,86076268984
1864,56692912675
1812,78604031776
1769,43742190334
1697,39000571177
1621,41209775262
1575,0317019359
1534,6167021075
1505,50148099505
1461,71850159406
1428,2551311246
1400,52832347911
1350,53395170719
1292,98881147948
1231,48189613537
1206,78202846069
1185,98273898419
1163,16361419566
1114,34737490772
1083,02389866117
1040,81552737148
1011,48169940978
991,791707322648
964,688424806554
939,179509976102
904,809084567689
862,99443185238
842,856061096721
826,188255458246
804,133251356094
770,602078115505
745,47711851591
713,988917825758
684,165645673139
667,95639111205
655,745918780104
629,65010457218
606,090431027124
583,542856576504
570,921963393723
553,140445752516
540,007585586951
532,145170382362
521,129436014351
515,9971850378
506,041416658024
501,080257249483
496,817911753728
493,994031790453
491,054924752867
488,423679841795
487,684791097135
487,684791097135
488,351141875896
490,406706666575
494,510401807154
500,74247681624
507,641658534045
516,806437266661
523,647436595222
529,83126815118
535,108315250389
549,07151512424
558,166912686435
574,784600994883
596,117453319043
615,373021437876
637,774215311399
647,224397659322
670,419337489443
693,034022699197
705,353503168175
727,541981121021
759,310663491186
791,782764534591
826,619333294735
856,355445776526
878,602976313316
899,066383180362
940,666400810205
983,543502089891
1008,61241581347
1057,16615221204
1081,93262058531
1126,90238504916
1159,90696109596
1181,31777627897
1230,13174003878
1269,93997426651
1292,32942472814
1344,19167420584
1390,52491236065
1421,07942618404
1471,13749009948
1537,57911501212
1598,63987618375
1649,7035503112
1713,7118723499
1785,84234383438
1836,36693624328
1915,31213170658
1990,5655262128
2042,53218341351
2114,50867327375
2199,85229852682
2243,54630769708
2278,18441889942
2316,71752761174
2405,90829329532
2474,73762263611
2512,2228147783
2601,09187720474
2694,03651356809
2734,76546336758
2816,18644813314
2867,99883740345
2907,06247557234
2980,38750656745
3037,10012791235
3110,26032501949
3185,56655118348
3260,05286945267
3312,69092739144
3404,80468682963
3505,66344888008
3570,98549966515
3617,82220008399
3706,65690775057
3810,22855270227
3918,20386554887
4003,09181143288
4049,51723796476
4114,56661354732
4172,36386480853
4297,72414547649
4393,88381307041
4498,68752295403
4576,1471875152
4648,10112870703
4709,93894738636
4841,1468147805
4944,22027157016
5000,97288203602
5105,52675454826
5163,70203545802
5300,93719126392
5382,06760323394
5511,68268352284
5649,32252218995
5753,30649415963
5854,59760502404
5969,56392403182
6100,06436728955
6200,85111792707
6302,21039893366
6348,59897957948
6404,46882741063
6470,03852085783
6517,33215811075
6564,57988583646
6627,53275763545
6710,10028135245
6811,49169176164
6916,48303466894
7016,32707558817
7127,83036464364
7176,79054696069
7271,61094484876
7376,02825755588
7431,8208925859
7477,2517961189
7515,76527045017
7605,94423044855
7659,07170588187
7739,56443342491
7809,95119145735
7855,93478903634
7896,2827637922
7966,44391399257
8011,56147110118
8051,72891470557
8131,91445756743
8182,15372511702
8260,24050491591
8314,88166612983
8351,10387486847
8407,17521891205
8435,2275813173
8499,99271304762
8557,93477869705
8619,77511405522
8684,08511956828
8727,09436383534
8757,10078708643
8779,57616158277
8801,91745821892
8852,75771419596
8874,01309340967
8896,46279774909
8925,21555868843
8968,55134263724
9012,9509012133
9055,99290234602
9090,71731317461
9109,10048297101
9138,18606402875
9181,49736457705
9212,83761503956
9241,52594330664
9254,46788246488
9276,91448840636
9301,72356104715
9326,84989584051
9344,81668614646
9368,93335235826
9378,63159036978
9396,75194260256
9420,61392635422
9440,32112965817
9448,51745715427
9465,12344490641
9478,26457778948
9494,12230249222
9506,69383146881
9516,66106951347
9526,59493653645
9530,51277773713
9533,94788436337
9538,81633078031
9542,2533037682
9544,56992696952
9545,24117344848
9545,24117344848
9544,59115020913
9542,03204836456
9537,09207662843
9533,79721028417
9528,0908719946
9523,92265451092
9517,23104880426
9505,73913667154
9498,00084126091
9483,45953578189
9471,31697063708
9462,88563113641
9449,468232704
9437,31645342823
9425,62294694445
9402,3348681826
9382,32500829637
9364,4717097469
9344,12261926918
9316,95465430736
9282,98433020955
9268,71129064504
9253,2271940786
9224,35991862347
9209,03844380295
9180,03403023303
9150,46800839687
9116,08643453388
9071,547027989
9025,19228792424
8994,4365691236
8971,47893823521
8937,23017156928
8881,18059089309
8842,25141949075
8819,25758962435
8766,68778640454
8737,81482619625
8687,55149328607
8655,05151592484
8588,44039729596
8553,10757131644
8504,79082389701
8444,28915048789
8383,76746089013
8339,04464941895
8272,77847779399
8201,08710630979
8124,57627700598
8044,58511465393
7984,0240778586
7950,61033106905
7882,53028701981
7829,48247857706
7745,59616959192
7694,51359326801
7617,24729126374
7522,18670148067
7477,90340821551
7411,27543761379
7369,60789521545
7308,54899279682
7227,30659183664
7135,02748957088
7061,85200424177
6963,46808687482
6857,60622833332
6816,04987620505
6768,08782669862
6695,06094256059
6639,79846874969
6519,97377441059
6446,11009994446
6336,97188070371
6279,48912250865
6189,63865072788
6069,54762967647
5949,41893022379
5874,34846481435
5785,26162221525
5707,83664625686
5603,6187764877
5509,86351436181
5425,71106287324
5291,41681369462
5237,57993298472
5133,55939072414
5001,45248726649
4891,15548381586
4805,48567335793
4701,60817919609
4585,91428365862
4524,39920387929
4462,48112035593
4357,52342524489
4269,69680464013
4170,29892548004
4118,74469688158
4068,04102471294
4008,98220429126
3921,75131045159
3876,25642514253
3782,43418390538
3681,7705897672
3634,95096410961
3524,75759806594
3439,9373243286
3378,16343303712
3333,92230058222
3249,81402614665
3167,67883148301
3083,71694061252
2993,46717528516
2907,91295188513
2871,26278424515
2826,32956349665
2726,51927745586
2654,2012036922
2615,27085019808
2574,161586639
2483,60402442995
2431,70063968105
2378,13630371477
2324,6032499378
2266,85224956947
2192,58047431157
2105,93210674713
2053,62441988082
2024,92384733657
1951,2246336085
1888,45490325198
1809,28540465727
1745,92828986642
1718,19826939449
1648,37628561154
1584,16424990828
1549,78856765502
1506,00503121319
1472,7948853529
1440,49510171895
1401,99632456233
1349,71335088228
1326,53369679862
1290,18154115401
1266,17247326589
1211,3135626577
1186,29776774425
1136,8342379523
1088,93483876022
1045,04325561281
1019,85279298719
981,425888953225
939,975274025678
896,865920119307
859,903725559229
826,046816852037
793,481322514345
774,753037526488
755,165248710449
740,231035787274
715,184602548681
691,468466255328
666,346021459257
657,050180922513
642,819433162132
622,509398421996
604,243763091176
595,155764629691
579,268001998557
563,537626344722
554,568865096223
543,877293017397
537,96239831987
531,987458069254
524,742410336521
521,729338841769
518,737709632403
516,092751350317
514,553407181332
514,553407181332
516,182178218592
517,764588597296
520,788732760508
524,576804561674
532,752130085921
541,538444916782
547,206319120156
556,226112282546
568,438246275574
577,907373816011
586,076607833258
593,563955760585
611,72264751155
630,980641594789
651,087015242221
666,110297692701
684,571460681374
704,025985892015
717,342657012579
730,86564865523
763,351154384594
789,170201452755
826,362721356701
841,50012732426
874,393742816882
905,391473346592
941,393870502448
976,073797839541
998,267160692086
1015,12383755227
1056,15044409387
1085,61512364183
1120,86820192522
1152,132249058
1202,98021040196
1236,57724899212
1264,9390106317
1323,95959809738
1350,25933961527
1413,25884898166
1451,08466445599
1515,55358823882
1541,7745110771
1578,34489010484
1646,07997924193
1695,03450591742
1723,38792058437
1770,3580765159
1827,78415833654
1887,34323660463
1969,76887207754
2054,13595347627
2112,97344172229
2150,55109653831
2227,23725628809
2281,77538165545
2313,5954458612
2398,73010349377
2477,43346885505
2577,17881923257
2637,23479138897
2675,31947620178
2753,65634886901
2802,52467523785
2890,49598869427
2960,10599055645
3015,5098034651
3104,33124032929
3180,22388585933
3261,46765152295
3332,67200967449
3403,46725536234
3515,98475285983
3635,74680404697
3712,44029651977
3787,6263027053
3882,82253591141
4010,70209683704
4114,57216507039
4167,56952040304
4213,43732098797
4317,72689341412
4367,67428497755
4482,2538036142
4558,88848377782
4634,31013145092
4723,11705921406
4866,85308811162
4984,27761062482
5125,23966506137
5248,78799427013
5314,32764685269
5457,20266290709
5536,36698712997
5664,10252123203
5724,22228838386
5858,38895275598
5963,86694530828
6031,85097587771
6155,15102249165
6213,86127986765
6265,48545142686
6334,97313686233
6390,06580885065
6470,51591487343
6590,94126407646
6651,46991381596
6727,82374581326
6796,09328575201
6859,15626888074
6922,96295438205
7022,47390937902
7065,2045838254
7110,14753655901
7168,61489816946
7273,86239085968
7328,84704267528
7381,94917825221
7471,11370661065
7546,56358026146
7594,13780415832
7672,53734850289
7732,1420206132
7800,14858471523
7848,79037849628
7878,88166760588
7953,00284998737
7988,81420348407
8072,11182814735
8107,01145473756
8182,17402696661
8239,45904717085
8305,82439350263
8338,16778987847
8393,88307436604
8465,01332016586
8503,55378228614
8547,31628898149
8604,71399592923
8653,87818049718
8685,46722545829
8722,30004301067
8777,32558267948
8836,56260666227
8856,72628421005
8913,10554528523
8943,90228964494
8967,73155997585
9013,64242109693
9035,94910566715
9081,28467117576
9127,85941460926
9144,89133349073
9167,2456872166
9208,58929904321
9232,73049948142
9261,686849813
9287,42195012111
9301,69598110515
9331,90047147929
9358,16522362946
9386,37637146038
9403,5494955338
9413,45834595495
9427,64085208682
9449,85189595151
9458,740544108
9475,33894137005
9490,96804954831
9497,95720144806
9511,30032949936
9518,62892573792
9528,58294841976
9532,29495566964
9539,26788316568
9545,35737683291
9549,22298165599
9551,64455570333
9552,4330641258
9552,4330641258
9550,81846924021
9548,8868260213
9544,91487100537
9538,82645092541
9530,63155478131
9521,79154620048
9510,90365208807
9505,35702740016
9495,63461286668
9479,41244760322
9472,51256856927
9457,44209245868
9436,73303418746
9419,91149434714
9406,28912220512
9393,48520768531
9365,58924129805
9335,79801899498
9313,20163852221
9287,19098063212
9272,44364005785
9236,63139512401
9200,8777933334
9178,53580503141
9157,54906093538
9133,74218432564
9112,65976415529
9077,87313744768
9052,43359898125
9010,73940290433
8985,67260066727
8943,78634594973
8899,68010348513
8877,18658380236
8821,6943000441
8800,60028237217
8775,02965130148
8712,32974193583
8667,37344134504
8621,82053562314
8566,98850947138
8521,23991161179
8490,91486053741
8431,06288183583
8391,02431887862
8325,44708009702
8260,68227471248
8199,14041044514
8166,71544516256
8115,02389502378
8063,12426583419
7987,07533745168
7932,54742638639
7850,7170587021
7777,871689722
7689,94031349248
7615,09134546911
7542,77492311267
7482,86183251979
7420,76758178144
7358,42955276919
7263,13740962022
7200,09833388192
7150,0772434339
7105,29374819005
7064,85295969884
6968,94737366281
6920,6577290039
6845,67599319187
6772,71261571776
6680,09002257972
6591,4646491079
6500,15443545723
6402,98726664221
6338,19951663488
6238,87974280762
6113,74753243078
6025,84224417846
5920,82485761689
5808,59723721464
5687,76487034307
5561,71255374745
5440,28975525084
5340,94790177595
5204,47974148365
5069,54880328623
4926,46302479027
4876,68236763917
4728,6522437626
4654,87993247105
4513,73601722189
4446,34427722064
4354,18381627147
4254,45264563406
4120,710036407
4067,28189089961
4011,49756035477
3885,44100991343
3802,40000001139
3723,94920258011
3604,04520245614
3559,79240439669
3500,57056482056
3448,39610574202
3330,58747214501
3288,0324852411
3220,38057218842
3137,36493717344
3060,0348825215
3015,12817685164
2966,30699381502
2916,0880563729
2836,38488560748
2760,61018057042
2721,53141321713
2647,42557654944
2600,65040286869
2510,88302104725
2468,37549915955
2378,2248647164
2299,29283789767
2265,13709818745
2227,0775532145
2138,23480793608
2073,50527507495
1994,07708474704
1922,47142843036
1885,24174774156
1823,19234482318
1759,09722251932
1692,97647644828
1631,04484860447
1597,24365071034
1567,36438195126
1531,88518178066
1477,74018095599
1447,69681301819
1399,7984983215
1344,64533870663
1292,8943160208
1266,48147804061
1237,94268407014
1210,13156943936
1164,43494734071
1132,84918345128
1079,8854378895
1027,35302076527
994,798322916987
969,39047760769
930,440515970721
889,68065739389
858,918077160323
820,047530075314
805,103075328967
767,308749034539
727,985027202569
695,74580058647
668,880845104718
649,625516586726
637,244929369669
605,96537427066
594,659492089011
578,391303821871
560,624958910355
543,302173227228
530,504278281902
513,956767859295
502,294257720205
487,377403639603
473,377090429199
465,432531466511
455,795204514092
449,130556209193
443,69970235242
439,60939532362
435,300165996525
432,835954543401
429,961914562928
428,438999662758
428,438999662758
429,116983341123
431,456564901728
433,994128569611
437,83725362146
444,160184699718
449,078050392473
459,542869491978
464,352088509773
478,21620151319
489,655569678338
496,069393663974
506,14039437693
524,784907999674
544,172301046284
559,237319517334
573,201403811321
600,134164615767
620,998983620371
652,611289322314
675,568059577576
687,566271955582
712,771802915842
746,998076121389
765,361510616031
791,888482160985
832,562282584109
853,29228672509
889,376440980818
928,996799173313
970,617609344105
997,441627438453
1023,18316771023
1048,87341181386
1103,39900253966
1160,43255196802
1183,0724951629
1218,84468435465
1262,41228874835
1292,73501452757
1341,55586305459
1377,58761845392
1428,76116354092
1496,74998996423
1549,20419985652
1575,94920109563
1626,97472610061
1663,72994539219
1692,83352578373
1749,30519115227
1779,83238457618
1848,84798939831
1890,19713890051
1974,28400293737
2029,61375821443
2070,54454052951
2148,8319029126
2213,21559215814
2278,25560879995
2369,84431823606
2410,90135477734
2457,83975385806
2509,13242443012
2594,9535805318
2662,8338513591
2763,92251690051
2846,4037481922
2924,14585304046
3030,80042913259
3091,28489852375
3145,23800646873
3257,96863245762
3319,28538415627
3382,01536655573
3494,31339077181
3603,10608731988
3679,52973507997
3794,15916497859
3867,70194642451
3926,03789183801
4006,80931564842
4094,92874669711
4181,00017753892
4307,63281819768
4383,18681016093
4458,03474072199
4554,99995709554
4674,4311084037
4807,75697847596
4892,20614239186
4966,69075019014
5047,20180251662
5145,91817984738
5285,58045634589
5358,54177396782
5499,08870343621
5566,02704417786
5640,91919045552
5762,62521549174
5846,99025451921
5944,24410996511
6025,31639464914
6071,2855240538
6138,55518800813
6201,05014430979
6259,84925408868
6357,88630020734
6442,84346854164
6538,07681101002
6596,99683738346
6701,66053421641
6744,17506876442
6849,11170195748
6931,61262641712
6973,41545325373
7059,47932218256
7139,61666079196
7223,20311541095
7318,45855041492
7413,2638865691
7449,43224991931
7490,77203583217
7561,13992558588
7648,59693111141
7733,28659778383
7809,0423957756
7893,83005177213
7946,98279607514
7999,02669895681
8050,03188883708
8122,60222882854
8174,47995919142
8234,25166745689
8268,98173679836
8302,04433960083
8339,57186872199
8400,86747343151
8428,26166193387
8492,40082689053
8528,28716114577
8561,47161124991
8594,18102984461
8639,18135717733
8668,60957815326
8704,3883329146
8747,60209574849
8789,05033443313
8815,12599207856
8835,72925386029
8859,72467650286
8886,68132993964
8931,22743424139
8971,86717761096
8988,98268414176
9025,14780591716
9066,14478986817
9094,41075691514
9117,87108566566
9151,1720638883
9183,57490908756
9198,84321430258
9228,05833127908
9252,57342953538
9278,94590444919
9303,28668498692
9312,3289208314
9331,27598677694
9343,24594923681
9363,11485287492
9374,50648827354
9386,49441722696
9394,52882862241
9406,68792805999
9414,07260561088
9417,52965154168
9425,79455040615
9430,35547991094
9433,08253127321
9435,28781786835
9436,73044348916
9436,73044348916
9436,04815914346
9434,40802862738
9429,87526159703
9425,72409463926
9422,63223501822
9416,66524871875
9408,62762158648
9398,05012115835
9389,46446308791
9379,33549350822
9369,66649810485
9357,51925713449
9349,33357652609
9333,22493150568
9322,46216227623
9297,16996257994
9269,41454181965
9252,27696833386
9228,54422147164
9210,17811387528
9179,98771823064
9145,47833755455
9116,27671853777
9085,40667357176
9060,81789413041
9038,62250975839
9006,25399379689
8974,20210592309
8944,75982208545
8908,65701495039
8884,78624581687
8836,22096897446
8807,56880040764
8773,56059258065
8740,14490744314
8685,20221936036
8643,31515710129
8590,85597910235
8551,95169612832
8504,52193180441
8475,79291714109
8417,37868187466
8351,19035312575
8318,02722565921
8252,55048948176
8223,67547341614
8157,43517617215
8125,49012901467
8092,57369528827
8029,91585523948
7953,00564285328
7880,36255484439
7813,44688179651
7758,67221734478
7701,91948004184
7622,91100963492
7590,28989853301
7555,71398716325
7519,5087203327
7423,43586645018
7329,72123302508
7234,37208729484
7148,02101260374
7078,43790371572
7040,83571686527
6971,32870283274
6905,42284741682
6820,8732932743
6715,05429564229
6621,09416050992
6560,32083436397
6487,06585232033
6406,06460571443
6331,00832966541
6279,1089622217
6182,27584654262
6109,05951202391
6017,56907334025
5922,77864483937
5814,99408092739
5687,1678057036
5576,08409176762
5481,05161417662
5366,34141018937
5317,96401329426
5250,04292033487
5123,07349936043
5008,45638309586
4945,15151781193
4881,97667266723
4761,89287101008
4693,5444510574
4597,00558250088
4465,83965116635
4378,3063642559
4254,59483458824
4153,79648579592
4060,56561197984
4006,9153499157
3935,48533613972
3879,50775921478
3777,77361330629
3730,06670977485
3650,72271180865
3562,90886077106
3476,30835160882
3396,77295559868
3326,41210163312
3239,00974491799
3128,41232741463
3022,59539322946
2925,66388712426
2833,90180902143
2756,96402226305
2650,48900391232
2604,67150850518
2566,92772997944
2478,75082412703
2398,36585555176
2311,34033636124
2253,51379814541
2167,48403939018
2094,47964879532
2061,69743531153
1985,14051220362
1912,37146642378
1839,40477158925
1802,90342990316
1720,84202428182
1670,09074962548
1640,44087848492
1596,30327867328
1521,08291257328
1446,36499579724
1410,88104023537
1380,29717562063
1324,58546417049
1288,85149529307
1243,54114810016
1193,35814833385
1164,04250893672
1129,73645269135
1082,92452751951
1061,31482673095
1012,64387925745
973,539017948636
951,370462255632
914,344707530008
881,745012165353
837,188161732365
819,173778739332
795,291801676715
767,944283267416
731,359826686867
706,636712507652
679,528152731349
647,253539808793
614,931302244702
601,693697680691
580,885072848148
551,441883438484
534,40394977081
517,443418290787
503,765802086388
493,49676147112
476,374972801945
459,487742016692
451,339565507357
442,711907431412
436,300978850828
427,869602080954
419,039337986178
413,139603719967
406,679943494205
402,998559235243
398,264941712044
394,701433988005
393,376075405037
392,737628421738
392,737628421738
393,453021503845
394,719704605468
398,430757768922
401,660957838831
409,259683344335
415,02738933547
424,656053407796
436,747433920181
450,134572085429
464,47706567152
477,303058126628
488,381937390693
505,303172456356
516,135033035362
525,680652596643
549,228857005598
567,012467606476
583,097629418187
608,766939934401
640,416280752149
671,207011252335
689,0276203401
726,78749840765
757,576794769636
798,112421844373
819,579465733915
861,857068942597
878,701672273508
913,851801895064
940,453011662818
963,179922377268
998,906334671987
1044,65543161338
1071,01666389366
1097,61737020913
1138,9315850689
1187,70361582151
1221,91716686784
1251,344255816
1282,72680828217
1330,72041026403
1359,17445264461
1408,68909152786
1466,61115106142
1493,78693095922
1560,54039749576
1635,28072472598
1674,8847937762
1734,45667706897
1789,04784108728
1822,92635568969
1866,75965558432
1932,8308209829
2000,53986039893
2080,86926128058
2170,67736222105
2257,10500676569
2344,21334760099
2411,95723733
2481,16755453434
2573,07773628805
2616,72325839473
2675,71071509642
2766,33148655333
2807,07994690315
2906,53748386819
2952,19699256614
3032,6621273501
3108,94616579848
3175,01985935833
3223,83063772769
3284,64076028319
3405,34541824022
3503,4141732031
3600,69250176384
3654,51996808204
3726,53099607826
3820,19056404485
3867,13040899741
3986,11639975675
4051,18612377081
4167,83099958418
4246,04368939554
4367,3938611857
4477,88067644339
4581,92711948379
4686,50885225371
4749,41174049577
4847,51202674002
4987,14783883056
5113,99777372012
5162,88806497384
5217,87605442682
5357,97323206295
5426,30699285627
5543,58943342115
5640,95430624406
5713,11501916799
5820,0783610616
5935,31605677695
6051,09687189106
6140,05996573824
6232,00794603149
6340,09146231905
6458,65289656513
6552,90596683724
6596,66615165305
6705,76461437117
6821,03490769499
6905,78112075634
7009,49312792939
7067,59326692948
7114,25178975506
7193,69097450895
7240,98444431808
7297,95581699203
7376,47322263121
7460,45551182802
7524,74275246071
7604,57602703434
7656,07080799785
7732,406147413
7812,48246072287
7863,02862460091
7932,71163019582
8020,24807227426
8086,76462708202
8162,82766997688
8193,75594594976
8258,43677477037
8320,51882613243
8359,98625000706
8386,38324631832
8459,24028238144
8505,17153443674
8546,84900064212
8579,79016606377
8605,78343260993
8651,72235757814
8718,15851706461
8750,52568404573
8774,27085037672
8835,0174862144
8868,64437978394
8923,50265353901
8955,86646816476
9003,46831171599
9041,41789278056
9079,34103007424
9109,72187056375
9132,79321187229
9158,49360245392
9177,64921143258
9217,2245326152
9239,55967643718
9263,08828431456
9295,60791322085
9310,74061418919
9327,90367969991
9349,93579600677
9366,86396420762
9380,40931461839
9396,97671541545
9418,31811310077
9429,74065215057
9439,21723828202
9454,51899515469
9462,78840499078
9476,89351698059
9493,27908994292
9501,79432597536
9513,23260284154
9517,31338575539
9523,90224106352
9528,44355317201
9533,99018344475
9537,9561283893
9539,71444754719
9540,97171938455
9540,97171938455
9540,14927645661
9536,96505618788
9532,18539068526
9528,83840095871
9523,95325394894
9518,34163611109
9507,07083524561
9495,26943217873
9486,82859849633
9475,57257702808
9459,05234011493
9446,57862205702
9434,7714119075
9417,34462112428
9406,99731161653
9386,24631444931
9361,45638057487
9346,60767101914
9335,60628599232
9316,76297781477
9291,32722324237
9271,2116639953
9248,12893303232
9227,54458116771
9191,85617287575
9157,61262890979
9122,43750166004
9086,76872159619
9052,66443635772
9022,0906861338
8981,19457904564
8956,49868500308
8935,04513293637
8882,59176258274
8834,61748203634
8806,91655228858
8762,32207351939
8728,36558868464
8675,25631751697
8651,38364772998
8583,71021791664
8529,47752393112
8464,82603299217
8401,46582756649
8334,9631868132
8307,73055030834
8232,60087264824
8153,6450567424
8100,37956940106
8034,51768168382
7968,86139172388
7884,21866632212
7832,09735358414
7753,49541004626
7708,8545535422
7654,81539204683
7565,48964325336
7485,91466020241
7411,31989168945
7359,91846582953
7318,82782739844
7240,12221423553
7193,56338720108
7136,37741987477
7037,80185036855
6964,68258723655
6910,97390299166
6871,44515306214
6829,79436425328
6725,4288392498
6610,05792242789
6536,26706523493
6433,34201261765
6335,06970738401
6268,15040567753
6196,55857556754
6142,31317010455
6056,7964957262
5978,94044359916
5876,90956779018
5818,8645514525
5685,6329839853
5604,38556676832
5481,57619023666
5431,56751171501
5306,49690864394
5209,17078710615
5093,79552707228
4949,04891937074
4842,62563225083
4744,39561746289
4691,20544363543
4570,03598663545
4499,77344834495
4401,30737365259
4297,05881509768
4201,92600867026
4070,06657760284
3980,65304618748
3883,84185893719
3791,05916895359
3706,19823203893
3655,37274776924
3556,89634260242
3503,82277900351
3434,22714754024
3358,59634921252
3311,10769709521
3216,35860407789
3129,99750698736
3071,43658976113
3019,45236406601
2916,13432777039
2874,10830294233
2767,25928635624
2725,9020847177
2631,7349197791
2590,74762750349
2510,52210142318
2460,13158811186
2383,8405708464
2295,4014401489
2219,02382534263
2140,78778274705
2078,30802746919
2024,56896587437
1959,5895985613
1899,96751137879
1841,67594062114
1769,2142128395
1729,29586052009
1651,43829831689
1590,34226092527
1522,18988584613
1486,22903646649
1414,51346457345
1369,98826379009
1317,47363877728
1262,44094074197
1199,99627307058
1166,48153482618
1126,60847714273
1096,6068817098
1062,46793535628
1013,30345703366
970,33728937247
916,821073255738
891,681437724183
844,644522472491
801,8338766444
766,232459713098
733,100017708006
712,992922859893
687,750378879974
664,826428601706
645,322881372443
619,643050197148
599,975172435966
575,8836050416
548,810153074742
522,271570711584
502,127853207411
485,185230210416
475,899317452284
463,52691224424
447,268915499023
433,884846582861
425,147447447733
412,727321408054
405,538560149727
396,517539110958
390,921594580401
381,901282705485
377,027445119828
372,176052538614
367,923304458071
364,038340461571
361,715552659686
361,136401301116
361,136401301116
362,036977976794
364,91512040527
367,995057037573
372,006016254282
377,505741752049
383,042740668562
394,118629212142
406,100039848182
411,922382212683
425,174129609006
432,211712765408
447,134026384933
461,483797839664
479,508814927644
497,132235884168
510,254555283139
530,931058377729
559,203099803896
586,616774128684
610,328651647401
625,055233768688
651,815527307931
666,181447544022
697,234534208109
711,384420718927
751,796619169639
782,393692216873
806,89544503511
847,531638747856
884,814890091127
909,42112001254
932,717193491583
962,31078111313
1006,29310163084
1053,02277623093
1107,61644481778
1136,51353163561
1190,0421006344
1221,32272513284
1275,21138890062
1334,07520830486
1392,14224977183
1446,09108732677
1508,85122041735
1559,04754172605
1633,48974388618
1679,08460703818
1755,33805341425
1810,97609636964
1893,14695692639
1943,01263245688
1980,64637754454
2040,53806256115
2119,59007331204
2197,47963660539
2257,30861536051
2293,26174991074
2378,79647775472
2452,11004814594
2542,29952716894
2615,64102938041
2698,56577455932
2780,73385402828
2848,61264715709
2917,40233178312
2993,342909495
3102,6363159819
3170,4639430411
3227,20973813958
3292,65924691528
3397,55816698194
3455,33868527988
3541,19779375361
3641,62481163472
3714,92682574004
3766,61680520433
3829,93705414544
3959,06603897724
4069,0578901096
4141,37195198862
4215,07583437725
4351,29564004649
4432,50526027225
4493,56327436695
4560,24886869553
4695,68013529792
4791,30698874965
4867,96873609649
4933,80951573061
5038,41786123015
5088,88052177901
5164,259052506
5297,04769904821
5431,3520702025
5540,01111633301
5641,02045147883
5715,02597837012
5785,94948235556
5853,80842978391
5963,10137027839
6024,83166314215
6149,35354947963
6263,59646105583
6319,16905055923
6420,62338932499
6488,54838046748
6585,71485655391
6640,41789085366
6738,1605350792
6805,1020514963
6845,92337721511
6932,15901342374
6976,10315630523
7052,136251372
7107,84619018439
7185,71064664576
7246,94374981686
7331,98954364197
7425,38428786954
7522,69161943343
7610,60093459392
7695,49082068465
7785,44420266571
7867,44489617372
7926,332862027
7993,69119497266
8045,19417188994
8090,3804245712
8163,37809093946
8206,78243163902
8267,58171468732
8316,59191929603
8371,6341567549
8408,78971760571
8437,75712404529
8510,5217080915
8546,80564690647
8589,01419535648
8657,06696206309
8713,92913443944
8753,63873857657
8790,7188372783
8841,35499703451
8863,59384865357
8908,03121153329
8956,08307906038
9006,75398983713
9045,9866181181
9079,92259652221
9098,33799503072
9117,31963105815
9144,64480081609
9163,63830867678
9201,34594334068
9223,63778173007
9263,41922719967
9277,27860089032
9310,28323140966
9335,06207717378
9360,20502023745
9377,92976816476
9401,82301862173
9411,567880259
9433,90390758119
9445,30779934502
9466,41615043512
9478,08325137284
9495,61435378314
9503,28036234841
9514,46368437028
9526,90240079884
9534,59375508628
9544,37109131233
9549,81640463971
9554,39636801263
9558,41725089358
9560,6749122104
9562,55163555747
9563,34511533819
9563,34511533819
9562,48722853642
9559,39729411877
9554,43316921772
9547,96161004945
9543,39573094883
9538,39218640573
9529,04969374087
9517,84086948108
9504,77982676758
9489,06121017108
9474,83107473512
9460,97552664985
9451,48520697003
9439,30529365516
9417,50457342675
9394,08722938461
9374,34383106672
9354,73353264194
9326,2900842533
9297,24042475043
9277,81500349366
9248,21723686474
9216,74046123507
9187,24958980431
9164,51850489975
9130,89231320646
9099,83469625177
9057,67564213907
9027,10724065437
8979,8993496692
8953,55249978327
8911,37949496753
8858,95092726507
8827,79357823104
8803,08203830631
8760,070289896
8722,69846856176
8672,32605467374
8635,77977535998
8586,76207119345
8520,9811044106
8477,4841782708
8421,07002764369
8391,13036583903
8347,72987915537
8291,40264434417
8215,19625343753
8158,13504790464
8103,53117562814
8020,27334596121
7952,29775054487
7898,80105894572
7849,19104693859
7771,38771942855
7695,4459949647
7620,54067461492
7528,51899526271
7432,14974560306
7375,67847556285
7319,18751682168
7281,16545544681
7217,93128634448
7147,54222145862
7109,94754848637
7040,59896407858
6932,62945295304
6866,5238441521
6811,26194893855
6718,9358299425
6608,67666493858
6519,30930772971
6409,96191962361
6365,77175441389
6311,37970927572
6259,08741086161
6147,41712827477
6042,6299504146
5996,3555452697
5881,38876512763
5786,41007982027
5719,99569768551
5664,03330639658
5534,22488861914
5410,21698437641
5298,82143646734
5227,39253882921
5149,41291681955
5015,70213878249
4897,14630909545
4772,11176826199
4629,18077721817
4497,12348426066
4440,05482178158
4349,6992383676
4277,14233784984
4161,18579382623
4108,18978863994
4033,96261778689
3937,09996199178
3878,83831201248
3820,26667186537
3704,85144051173
3650,15297760237
3582,48611754672
3488,25094320316
3370,2646339272
3298,7420859288
3184,47396093385
3087,98828967158
3002,35476417757
2954,07114658953
2880,28422557037
2790,88733945471
2733,64147627352
2659,97841210026
2560,3704709595
2524,3492136577
2454,67184648782
2378,19043800642
2315,92149917027
2275,38413444784
2242,0582000869
2166,07237826177
2117,38212013391
2049,20991722328
2009,37736289883
1965,51708828837
1917,00363418594
1856,94218850034
1788,6981058482
1759,2065048734
1679,22925592907
1631,62031768224
1555,24138252236
1515,88592025001
1458,51384281059
1391,95082318025
1324,48891130847
1268,36049623711
1208,58443501546
1173,88817732067
1133,09612375543
1072,57273243679
1029,07389491572
987,873310569404
938,681149351724
909,089142993285
863,804703282615
830,576883404418
802,388044472909
761,522533616446
745,597295943249
721,89302947253
686,535142627479
656,765747523598
619,814270251961
582,962767658579
552,54031058674
528,847831736244
498,84079177525
477,831517841636
451,051839779669
427,173397824297
407,46186440692
392,385784470186
381,496857457401
368,878180012098
353,278136820399
340,686203163019
324,83381666416
315,430851534154
310,065533891864
302,34996042401
293,020479035569
285,367486461802
282,331829139389
277,964998352062
275,970903826394
275,393200038284
275,393200038284
276,031387478279
277,60759279046
280,857500767524
285,980943102687
290,869015231094
300,267028149545
304,651469877082
311,36253072995
322,661217892898
337,230273036079
354,740562296555
362,826601069232
381,550446781272
393,035550722968
407,455174318205
418,118284618274
440,776100984563
461,019185722707
473,461641513074
500,336993391675
532,308259977374
563,661877950285
578,382596728256
598,755011494309
623,626677134569
649,277098633577
690,007790765828
734,966940128794
769,099746955032
797,026792352458
829,670226953042
867,704455818839
921,387696422037
946,652153276103
1001,11125962601
1056,82626868191
1114,18344779781
1172,06943912916
1197,05844118122
1256,515753102
1284,22981275287
1322,86264821399
1385,73499953149
1434,8025616185
1479,61137541758
1528,29121351524
1566,11272725768
1611,88600499633
1673,14549195597
1725,96983320694
1756,85454260437
1785,90862056127
1820,87174916189
1909,69133927446
1981,37032919161
2062,03035555512
2137,47027983641
2202,28257152953
2281,20145905275
2322,78943548497
2393,59707254851
2482,01755279329
2558,35779432389
2659,06276024368
2696,94869667822
2762,02478152535
2811,81806508225
2891,5352087713
2996,33953510354
3040,72152878398
3116,10992717789
3157,49475936702
3198,36017473834
3296,24717729146
3354,05281959057
3413,9789259936
3517,87368845199
3575,86135749771
3657,91913837951
3713,3945255895
3803,03314136379
3869,99181719444
3953,47657602261
4079,27704368037
4164,55534919998
4229,42605508516
4296,64056753091
4355,79445609653
4435,60502370201
4546,77457841946
4613,95144912132
4738,79431797032
4843,81676319129
4950,69007503418
5032,73739657492
5081,47695462133
5204,11174717809
5330,91459655607
5465,73943630024
5581,44945612969
5667,40943678896
5751,77320257895
5825,99289935852
5917,73714113435
6018,96675323734
6108,29564192641
6211,92076849607
6297,87294744647
6386,2592755
6447,72689702478
6550,85002015513
6619,02244702841
6657,36412356821
6718,34842974889
6796,97588137624
6888,24753206089
6964,21881732442
7019,24074740553
7068,99190812505
7109,70451649445
7166,40801041038
7231,27825591074
7282,6233404724
7357,30103900142
7446,51632897626
7504,90891702934
7535,71684588039
7582,65726058841
7659,94029107785
7695,57269468775
7743,27788431712
7788,86507406984
7854,97018556626
7910,82536091523
7983,45554522089
8054,12494669601
8084,99087680234
8120,53987685797
8171,55719241484
8221,87028257806
8258,99846151735
8288,11059532081
8338,30917680376
8379,49045092594
8403,15543486547
8459,64564455993
8499,04786616545
8528,54195323782
8571,22803906605
8615,09707057879
8653,98442976026
8692,04180960199
8714,9992753987
8755,46697802682
8788,52905714221
8807,88059746463
8835,30668519684
8863,31825881316
8886,78119054121
8914,46723482779
8934,51176547112
8960,65289797214
8975,38763113312
8991,16431999851
9003,74828374033
9022,74623868442
9040,07572153742
9059,78833153368
9075,30134176591
9084,48273035673
9093,20344534619
9106,23987793101
9114,27251633507
9117,68896648294
9125,76818304224
9131,60560935681
9135,91833167468
9138,01008318562
9139,3374078591
9139,3374078591
9138,47858747319
9135,55315783066
9132,2388314267
9128,45341090739
9123,98050067149
9114,90038917576
9106,63153029951
9098,71313445495
9093,40699913889
9083,54867534541
9076,18174057767
9066,84204633537
9053,9263969021
9042,82574882138
9033,89405975196
9024,06214567763
9004,39569940995
8981,30845901152
8963,39954455205
8937,64908721018
8902,67160654736
8873,1816337275
8843,09765773323
8804,71577944117
8763,88851529246
8743,70897569478
8699,75887334972
8682,73229357991
8661,70730152738
8622,86948092286
8602,46895698402
8563,84546878487
8529,28442720782
8506,56180832711
8475,84294223033
8418,61442643153
8357,61320947325
8312,28445612389
8268,740126906
8225,56445267673
8167,27533427225
8113,56247030804
8046,38193007804
8008,56581768472
7977,11532155668
7932,82269210453
7879,00822608194
7802,69209610863
7767,35017158459
7733,59749768123
7703,85986769778
7633,41245893729
7577,20908186501
7521,30077315322
7437,05792458979
7374,15652179275
7305,62037926817
7241,64941951994
7200,77677550633
7139,52277692504
7041,64921953885
6998,14187443832
6893,50096961051
6839,68922208747
6792,25144643752
6710,90718236949
6670,49822079972
6614,35169019939
6527,12522831767
6414,95569616011
6361,84388884352
6264,99985804937
6194,24356008845
6149,7478889277
6036,03463938818
5943,56738463236
5869,81195981554
5788,57394281191
5729,88983115047
5671,81305741536
5556,21317844687
5433,41932152324
5376,55275122335
5287,01456307372
5175,93391710988
5119,84010473895
5038,28467845914
4907,68018172351
4799,01130019253
4654,62662635198
4598,34801158843
4476,38507450193
4379,037601982
4297,60820599317
4246,5359282806
4130,03895932371
3995,13193219104
3895,4613120662
3788,55531230191
3655,66633140932
3559,55954125726
3436,3793768854
3390,79944211484
3298,24524381763
3247,76562018863
3160,04517284871
3062,39335528117
3000,39221720219
2905,02032963043
2848,1979647749
2765,60281878495
2697,68154316474
2609,87158684804
2528,89779066124
2448,81379963568
2393,39049331691
2358,04505421379
2307,372649421
2224,378414421
2124,66491456154
2076,20911074419
1990,30619923247
1925,43736564533
1845,41730524474
1780,55899899453
1710,86751830313
1642,28233296712
1565,71671280319
1492,19070160838
1450,92979777156
1419,55800632512
1348,82375274161
1273,9593163578
1240,54877436719
1201,69293163863
1132,55801486566
1066,19062316427
1007,12692667907
939,683506220121
892,537362713306
855,139475911144
825,951334971912
772,353174799545
732,359730127694
685,064216246599
638,415733335009
599,798252173191
566,208486645269
518,453257629807
497,502468436983
467,229229526908
428,257953511102
397,022129646409
356,174047948925
322,761378878875
304,120861954526
271,525047537029
237,125184002235
223,529199966476
204,090128318086
174,494705517127
163,422937695651
153,182182339364
129,267024550659
116,518151652413
108,400896757924
87,8245692956479
77,3212341737049
60,5033504403884
50,6405027190412
40,6763096669113
28,9100666121782
22,5478932019805
16,632827183009
10,8317362627059
6,90956651011618
2,64705440928867
0,914396544205943
0
0
0,646816227472357
2,55963624108568
7,50089997542136
11,6030708017153
15,6457468559868
19,5182940121049
27,7657384676286
36,5440418862995
51,5045889758579
63,2589220695059
70,4314755764213
78,5191413541156
91,3268560756796
111,513553933014
124,542022949492
136,338040484221
155,778845786221
178,234458087328
189,072179067707
205,222498061653
224,909422273654
256,597184493795
290,868291618552
321,623678184095
339,87329211106
361,693823096459
405,339680845335
439,628624128419
474,522892165086
519,813564344378
568,958704907014
600,297346275387
639,064133200462
659,915330852343
680,844741668687
732,420298304346
790,697814225441
835,803030840651
899,948247241919
938,443222576286
989,061675110343
1025,17951372036
1062,11903151172
1091,04195040906
1116,29696136142
1144,69917536647
1222,66433969161
1277,63506919242
1323,51829814733
1373,89772382022
1441,45456985768
1485,80810191924
1553,81840031668
1609,69729618983
1663,59835587015
1715,80283760958
1777,20693870525
1834,77009570966
1881,84521011758
1953,44186203223
2031,21457928667
2067,83305040537
2134,96961021406
2195,31203629386
2262,50085938657
2300,62976548917
2363,92180802483
2418,2540911252
2466,46088655744
2553,50349286553
2654,60297079894
2752,60075788057
2859,70859566949
2965,92721649153
3086,6390236511
3140,1414789749
3189,62932029334
3288,23135986764
3356,56248722609
3473,61998172723
3604,01690524569
3721,07412010119
3858,00355894993
3969,08314800598
4073,42046131358
4125,78296926685
4200,65416354561
4340,03693158378
4401,33526665324
4485,35520950685
4601,57251430205
4658,89970089335
4760,74188419497
4850,25994599861
4964,628867609
5076,5921854869
5164,0791285264
5271,38098085519
5385,60475114684
5478,51900128993
5602,65602139647
5689,10102458086
5752,80184679356
5829,88385177393
5951,60189306076
6016,80831637965
6090,43822671126
6169,43171276504
6225,22627965248
6291,76635752696
6359,76489410052
6399,74771424651
6438,01063072025
6484,7741666042
6537,51888182908
6585,56254374718
6683,07911480817
6753,50625135375
6824,10163938802
6897,88717823859
6968,70136453037
7052,67697455694
7085,17525564396
7149,07419103103
7184,59653972319
7227,65532393753
7309,06703895355
7365,04218576168
7429,59978817556
7469,77236269265
7519,29279431073
7583,53227760523
7624,27653428962
7695,32461068919
7727,42367099929
7794,06677756416
7856,93101975743
7914,66503467447
7954,59983931241
8017,89142267629
8074,48007304844
8100,85044440026
8139,16380204998
8197,99253455115
8255,71683835608
8277,404609445
8327,7806269199
8362,96845612281
8410,65726796455
8458,8905142703
8490,26300475428
8511,63697861212
8553,93167021635
8581,92952457155
8623,33935757246
8640,2890980734
8670,12692544952
8691,71836354772
8724,79533366074
8747,9543553022
8777,15206053726
8795,30493816427
8813,78760764268
8836,33104758451
8852,4417300213
8865,82659381662
8875,11393814664
8887,87117154627
8895,46926507076
8905,61495397062
8920,08431186464
8927,42272578707
8936,52410713458
8945,0732828465
8951,00363484165
8957,09078577937
8960,9264671142
8962,59301701915
8963,30646624374
8963,30646624374
8961,78166044675
8960,23811083325
8955,67945566863
8949,10970276957
8942,64243786037
8936,11434476115
8929,27683234104
8917,76504791834
8908,26964996339
8895,45544041964
8884,83230751699
8870,64400625756
8855,03887693245
8843,83603901497
8827,85114476151
8801,22457734315
8790,91746319207
8772,02415381731
8757,80695860276
8738,02032908333
8712,06215606711
8687,55736994108
8659,69076337383
8634,51325331042
8595,3490837365
8573,7119456235
8553,79926838391
8511,30841173009
8468,28739651193
8419,60623608522
8379,85579010533
8332,36416607559
8305,35290940579
8269,80871014832
8233,2205538058
8176,23900582012
8134,89947208407
8106,11764181924
8058,49327860874
8028,79141891501
8001,77544675515
7966,40836913723
7895,18589218208
7843,72687726948
7782,50195988365
7720,52752532453
7677,3503852657
7619,62933845828
7568,99960718693
7511,05181747891
7471,21693216037
7441,00183995669
7377,7303673702
7303,4994729172
7254,65082690777
7203,11895249118
7143,05070134359
7046,52450763537
6975,46122370569
6937,57319232829
6875,17699884053
6785,20004791684
6712,76025232057
6624,3251952751
6576,27534622672
6514,30870406894
6423,88306218562
6316,05258361642
6259,82240642647
6218,40769820023
6140,92500713517
6079,69997821182
6007,72947632913
5893,29769381011
5827,21391984754
5725,68411071068
5652,82555217056
5599,01082353311
5530,4661194227
5452,92464157393
5354,7722200086
5271,36780316515
5223,93890165857
5164,46028782212
5099,20552147232
5017,39782198497
4889,1955564289
4743,45800318219
4683,04592463564
4566,84915985534
4459,10882744898
4370,49737938756
4241,96401411268
4181,81478467261
4040,69720987316
3962,54244354104
3828,63918173375
3743,53412350961
3657,91757568776
3560,31076676383
3496,44472728785
3420,8628349833
3337,69948948198
3215,24826299205
3128,22828260971
3022,64166084837
2944,80895888699
2864,51572862148
2758,59211025566
2707,18261902323
2652,16202384661
2590,51782771944
2549,83053479854
2472,65221294347
2385,31699367504
2285,94599230571
2224,64371085928
2146,98522037403
2091,32260681891
2033,64925295053
1939,99597180015
1884,29635288654
1850,71407620855
1789,97011538828
1706,20600492647
1660,52746378972
1588,27138709601
1540,74806691701
1485,74229697319
1422,55014916924
1360,18402259651
1315,59589468204
1261,51736120662
1191,36592390857
1146,39816536013
1092,3669197155
1058,29302159163
1003,3004781164
959,890508854515
911,650575008506
865,893234620557
820,242818450783
772,125470070911
735,969092084764
698,039420626984
673,361773392624
650,092188547833
597,248694389409
574,285590241911
541,808543840449
519,037683884332
491,764836213608
456,460757371885
437,398555656833
400,936224125773
373,135686299372
335,125613022769
301,090980509763
287,487804336194
254,938808596262
241,533053197278
227,805184474653
203,611934557439
194,269448795751
181,287348739275
172,758377510798
159,717894528562
139,794029534399
125,065746664163
111,171668263502
105,474370329666
99,434846827974
87,8058083063337
81,930131147646
78,0096273508287
73,6247466195602
70,1718667383287
68,26893764572
67,5710254831734
67,5710254831734
69,1536317836907
72,0394511507188
73,903671892171
76,9737755801104
84,5046687581865
91,9183012852177
103,477913540763
109,390345394546
123,578115132659
133,93588769641
141,507101845347
158,918846904377
169,974606777541
185,364254575869
194,813518556691
221,454833277621
247,442484737953
274,387394153601
289,634279326066
307,601189470469
333,993930880868
354,528155455985
378,624688394825
402,347609581133
418,299954902221
451,094927375416
495,873218953717
517,741836400231
563,951192997022
608,285847015461
626,013534338076
644,588451216127
680,40082430642
710,506162256663
762,845481000366
803,278023870389
864,529250397191
915,591010031215
971,880894055339
994,332238995015
1051,03488457283
1116,877574244
1150,07874716647
1191,53547784541
1227,74699160182
1291,95391253117
1366,41617574667
1420,48797219653
1487,47877623252
1556,87530579263
1626,65446927202
1655,72350343336
1694,33838232779
1742,30234563149
1828,61852899751
1880,48775227195
1959,77076531818
2002,24230403057
2063,75429167304
2137,76540683195
2184,1665937665
2243,57525153641
2286,39262726752
2340,65103775982
2416,82980244419
2522,58159382752
2575,86096908369
2656,60819158293
2746,38739593962
2805,99011653978
2893,35782783807
3000,68311609438
3064,31695808238
3123,57777881759
3228,98436710115
3305,25124350989
3402,31730284045
3465,212505463
3558,20324871684
3612,17242251692
3680,9904495396
3738,46354392209
3847,51604955839
3929,99171561252
3980,87685794068
4062,44528700894
4143,07048687804
4251,38306175217
4339,63989670838
4464,49333183212
4543,55935485683
4629,68420211988
4770,23721429066
4825,68295420413
4907,76649391486
5046,67445035187
5117,04941392714
5199,28720331538
5256,99133033311
5387,54295204291
5454,31979399584
5503,31006811363
5593,1484725755
5663,67042497128
5782,51834292782
5879,11305852634
5937,1610186536
6004,03274191939
6098,49162750498
6207,97268996232
6269,89318584709
6361,7529192363
6458,9008051077
6517,93129464542
6577,15126070761
6664,51186608088
6735,75140652568
6784,42218364941
6879,73941113116
6925,85358148663
7020,67185487501
7064,22246789473
7120,48799777686
7160,69485824847
7234,33475188183
7288,72067059332
7343,34941328453
7377,37841086755
7421,75980411812
7486,57293320889
7515,4358889576
7578,21379621431
7654,37604624026
7708,31191659957
7754,98100716052
7827,72709446984
7885,18291006935
7937,67658905381
7981,33120772492
8022,9657965364
8059,60846061206
8097,95426624759
8129,8877310737
8172,09642233271
8201,88065106397
8241,58764447678
8260,62008464636
8307,52603104379
8355,25056973734
8404,76788727247
8448,59197049156
8470,05325840195
8506,50608043361
8531,19370374498
8551,3993647621
8569,22387739117
8589,75298212029
8623,66820264133
8653,44702962224
8684,2498497214
8694,97378904191
8723,07506848323
8735,44408769472
8751,99763557321
8773,65247052696
8785,41008507879
8795,7187171421
8808,65752964426
8820,78105970686
8834,80167030892
8847,15255113963
8852,95121101336
8861,41809432964
8871,08291823288
8878,74406104333
8884,53117078072
8886,76876820785
8888,83025318279
8890,28533155734
8890,28533155734
8889,70189678832
8887,82307938469
8884,61367523954
8880,87424622399
8873,94424375797
8866,32063333551
8861,95171388528
8850,01552300219
8839,14183003246
8828,67337275831
8811,66182665259
8799,08997773333
8788,1761848838
8764,87148256709
8755,31372093819
8735,2213651419
8710,29897522171
8694,39016916503
8682,71282927934
8669,7263619344
8635,95171060097
8600,34731393879
8574,17659009382
8554,10012607345
8528,12202869259
8489,47827500372
8462,6551524363
8446,52911049697
8419,21111229643
8369,82321026754
8335,15346005309
8309,24365882443
8260,93604872928
8229,72345675537
8190,75294777917
8133,00230523842
8090,38376164254
8060,47231435773
8034,83525218488
7985,60836646943
7925,85740975974
7893,84067020844
7833,31181712475
7796,08019724851
7766,41396257706
7696,20893429376
7636,67837308981
7587,47077726902
7506,8594833643
7457,62893568072
7408,61852432694
7357,77196927204
7284,87124738745
7244,10886824557
7156,53769723213
7106,86036052116
7069,82622606208
7016,13326891768
6981,12568171879
6939,52342198029
6875,86364380333
6797,10516544987
6758,14793509942
6710,20755485151
6666,62740592664
6604,97869258644
6529,64606842322
6476,78926193059
6419,75951165003
6341,4454821261
6298,2359635571
6231,18668841074
6118,2025001252
6036,70028983205
5930,83897687898
5829,37170354674
5781,26623762988
5708,82269081917
5625,77796317779
5563,93579235667
5478,07981308178
5365,52358551753
5290,12047231852
5198,13938680201
5126,89781103839
4995,57482862512
4897,01729205792
4790,21405393296
4732,56513562408
4634,02244350829
4536,22150558106
4406,2589654586
4350,42553266894
4239,87227051308
4166,07543244829
4078,38843761767
3962,01250387891
3902,69509052701
3779,29472911322
3656,39803422941
3539,41929956821
3482,92714354824
3391,15997025307
3270,0160132517
3226,42974195967
3132,76551587094
3067,70317626753
2971,12906568479
2861,31836924869
2753,47394737734
2711,30577988364
2659,4666718146
2548,40154370169
2485,18050664606
2403,42415732622
2338,22621159511
2281,92638187631
2231,19946369571
2189,43656661161
2147,90760819963
2100,08981411636
2065,65685351153
2008,97809263092
1968,27464694725
1912,14654496869
1872,49723799076
1786,1467512731
1708,95320456842
1643,08688185504
1600,08688234083
1554,5652572012
1518,55198360008
1472,94579566595
1407,5287065178
1379,74487795019
1309,82276551936
1242,52114077244
1205,49694355085
1155,10645173445
1093,04540580722
1070,71893516316
1034,80066137847
992,785811460237
948,873642158395
925,248966718796
901,540156628947
878,999055383486
859,683171981402
812,306922090866
791,709848420422
749,660472723567
715,138981907401
688,279353609146
664,497216818379
642,240636387297
611,448417833095
574,383964671536
556,227079537097
534,164275544997
514,026961228634
482,84116299362
461,30510858659
436,749518846943
411,940964550288
400,427648914781
379,048866810784
358,494009835117
346,52146064749
340,096639622997
323,514107954791
310,304399408405
300,601589060945
295,531196395045
289,442904667377
281,788153563856
277,398684521875
273,21178155016
270,872172837363
270,094088052409
270,094088052409
271,024117868682
274,115642572411
276,742635621329
283,116866562743
289,877431906152
295,840075108528
305,447313487239
317,07376789607
323,093726519764
333,166721077421
341,644489789493
349,701690791933
365,986850832601
381,545052518771
392,986658015662
405,279570959087
421,692941127789
435,681834608755
456,924487729954
477,049956683835
502,272855248861
535,257708462766
567,743954062205
605,412725711762
620,82481756562
661,772107375439
689,53212748003
708,037201179227
740,017848898579
758,967004711794
779,692327254327
805,629503927763
829,81310116767
860,669429764843
886,735211600755
923,792250387137
972,146844956489
1005,76261126344
1069,8880882579
1107,16827880435
1138,42048136187
1174,60007225276
1204,73627338667
1242,3039455345
1273,5201778996
1345,60047336108
1403,10138863037
1453,69722392739
1495,49864707333
1529,47437731242
1585,29767796672
1660,18007508308
1742,5918316455
1781,41278476263
1849,88577327506
1890,08410351486
1972,2650426937
2047,75340025624
2110,71353506849
2181,44759989465
2244,63025863422
2308,09954855582
2411,69574619662
2501,60266883386
2567,14598029126
2645,71604365466
2740,88499252495
2785,1262861936
2867,79979330723
2911,27447597045
2956,52809492541
3021,62524771411
3111,88778582765
3214,6530388258
3334,45601585944
3395,50293251509
3450,41966514502
3572,10286278041
3626,5636731376
3708,78530142541
3772,89296469555
3894,83456849942
3984,27579353195
4083,42216516437
4169,58048248413
4222,5607429863
4366,49667446832
4451,10006219838
4531,18260176107
4606,16960106836
4732,37999778664
4842,82491859441
4928,84916758527
5005,04750838637
5072,54458389495
5210,32172613302
5311,28329578098
5405,08591490441
5453,47655657248
5520,68059076666
5609,100259213
5696,73386264908
5775,28522710512
5886,17717965485
5985,56035623836
6104,63821326238
6200,58906142991
6288,35125582114
6354,9139343132
6423,10924519052
6506,72868062333
6557,88683993335
6607,06161324188
6660,2241390937
6716,9737281758
6809,75673080749
6875,51424248273
6972,16795555289
7050,40158815107
7149,28075316667
7244,73155696296
7325,83196112771
7368,40535702499
7401,86170077376
7434,2078104234
7523,26681694351
7562,73501462096
7607,28897673704
7682,01582906449
7721,8733084904
7769,12024924156
7843,7923693905
7913,36222597401
7963,7377551288
8000,65683200315
8072,42583072963
8106,34130017353
8167,23676395786
8228,86319608764
8251,80033897834
8280,48777573689
8303,68614591133
8345,20248069103
8401,49859170863
8448,23114600987
8474,07266172306
8518,98845726889
8557,05563648469
8597,98027059877
8641,85315800427
8686,53871180537
8722,89171264902
8739,71362051568
8757,08000117753
8789,80555156937
8817,62708362937
8837,67439711784
8851,27543389031
8884,90726795769
8911,31988484191
8926,0205366858
8945,00666822955
8966,66086239819
8991,97161586971
9014,46703699549
9025,13321765085
9034,40157158559
9048,42111058203
9058,48660707948
9073,68321526425
9081,51413997164
9086,85223283852
9098,23615804415
9103,30767396709
9107,42979982181
9112,41973608484
9116,99127687106
9118,51776788668
9119,45195937324
9119,45195937324
9117,88320296476
9115,5283243605
9110,82130676693
9105,10649307198
9097,92404045049
9090,51876725292
9084,49443535547
9071,16538975055
9061,5388187688
9047,19419702008
9038,31985066723
9029,39335326327
9016,65432334982
8994,54547500451
8978,78052275961
8952,66792753035
8932,26263543258
8907,01532795448
8876,65149626892
8855,83297936778
8823,49416965111
8796,90282162757
8775,75810586088
8739,2366733634
8714,24344646892
8697,27534648527
8663,59105033658
8627,74598255288
8580,06310895814
8557,3714367997
8534,26882459672
8509,17567378391
8459,79669854011
8406,19528822451
8377,10469772699
8351,80007507438
8311,19276689242
8265,22680756597
8202,16672547989
8140,22280856772
8110,60105926879
8071,32356616292
8014,52356960966
7972,47050492236
7907,9979132249
7835,07420534532
7775,38954652219
7701,5865375937
7641,87952148895
7581,00256510878
7535,93747855572
7484,23702012197
7417,10230810849
7361,39540356599
7282,0328961175
7245,54501139069
7175,9023460194
7089,35225834731
7047,98082787814
6981,1458609
6927,48848202549
6824,54254668083
6742,91079250431
6702,54084564478
6644,3386989009
6592,00385401224
6539,31527289273
6441,86834397246
6400,38846627881
6290,98067450488
6236,82153006688
6188,36507299194
6068,32406955669
5957,70997386916
5876,65689528818
5750,85250865606
5699,0008564263
5602,27159234699
5522,51222004017
5463,94686897704
5337,48339362327
5278,3299794413
5141,58126688379
5076,20520771979
4985,06995855861
4918,7714494661
4855,05733826306
4771,76988161538
4640,08814416159
4502,24279173549
4410,98320664808
4324,40195731275
4204,51793927627
4124,71229992692
3987,46652200443
3910,25112284102
3846,60782172033
3714,8392826864
3602,86226058617
3517,30440098979
3426,4157075822
3315,21527794434
3202,92433730775
3119,17325448932
3076,33297521866
3006,21496008017
2954,97867298494
2863,74536770055
2759,99317546506
2707,76628667723
2645,66601303387
2575,93828107897
2531,73952566827
2488,32522074279
2401,30505133172
2356,44818201394
2255,88541504866
2166,62304567043
2121,2861731264
2037,08865973163
1943,40762083502
1867,86499389996
1814,89926586028
1731,2809931894
1673,14530344363
1609,02759848585
1520,86551816995
1437,94631755532
1394,75782098731
1341,54116293437
1267,28311270972
1215,971771795
1170,72211489712
1128,84437577669
1068,13383346028
1041,72782987904
993,360555812281
941,25531333326
917,074388971811
869,944293549949
837,449859806926
799,580527545913
750,421053092985
710,064341664206
658,801899965726
620,105473067057
587,986362776575
556,140887326489
508,466147995996
485,698011258391
465,551883153271
437,107807859846
401,246097644923
385,54642649136
368,195300443672
352,857412223034
340,042030863605
304,148553872568
274,904125987835
253,254042262865
234,935631966465
208,999120106265
196,795611366862
178,573034490174
166,171302031254
156,587110508162
146,616167640825
139,630591314028
127,135525065865
112,088449811259
97,6508268969649
89,3783924242142
77,8914976821779
69,4007572479932
63,4224504574482
57,5590158475547
55,6421815529527
54,287091750958
52,6959397084805
52,6959397084805
53,3686460945577
54,7443042678985
57,1333446976904
60,2378502442853
64,5980654142963
69,7077319746583
78,5281089753891
84,844173146098
96,51008538948
103,892210712417
121,175979213423
129,285601392694
140,484917772298
157,495751016815
171,700382004784
191,064456362376
207,759450451325
220,126999534691
251,606074752431
282,00002870876
302,728411833129
332,492455068032
355,111105639246
388,758348824361
424,711350070247
439,957699105141
456,829031827797
485,03043744768
514,130392415424
543,905017392269
589,122731624194
613,553853936924
637,098462577196
667,149546554865
691,729778681101
720,965625579263
750,644482204284
806,764748078937
833,864600994216
891,309103154842
926,556270533828
993,366374492988
1023,70492784817
1087,82125832077
1150,47414648733
1219,89264714373
1278,9646445743
1346,04668210906
1400,48352858645
1471,10116303434
1511,10413755835
1551,11794172504
1631,25911480471
1691,74782551106
1750,01490841881
1785,62426655403
1837,49243901902
1897,49325417566
1953,61614949602
2021,14318013764
2077,19628473796
2143,71493450515
2180,3831241838
2272,64965980361
2344,34755124097
2425,0855506908
2536,13203458361
2579,04741853278
2647,2263262998
2712,8052333471
2814,95506018038
2879,44258871335
2972,84935574259
3027,39927146801
3110,43756314834
3228,0027707269
3341,51805367393
3388,53662611385
3514,92788891177
3646,81967120316
3714,67251245695
3790,72167138061
3846,84431129921
3972,13891252356
4024,20693254503
4146,89063023426
4256,92645087645
4380,12793823826
4452,29905679387
4538,59409808971
4678,51839633332
4796,0519783548
4853,97106570404
4929,64062126105
5043,40446039289
5165,86470694892
5303,08319022196
5387,32909893701
5434,70669980589
5490,7775855151
5562,61188544586
5675,4328648474
5767,77126325244
5857,84762395137
5903,16178754354
5990,30088731802
6102,37729553297
6197,92954659978
6284,7474537913
6335,09728517596
6425,92322189845
6477,72152284884
6552,53106261516
6639,37847952745
6703,21379846243
6770,02208669026
6811,70286068593
6899,2232626179
6983,62323819675
7054,60996087236
7141,75188816598
7185,62605897901
7251,63350595679
7300,78082093464
7340,3153383436
7376,80784255404
7430,52753451203
7492,58714908753
7549,07654666352
7594,53999674368
7647,03846698982
7701,39577470502
7772,56833969944
7837,04895130068
7900,11060621209
7971,1856604412
8040,77076627807
8095,19251059726
8152,03784058148
8182,95135184563
8247,1657336467
8299,42651669134
8355,99225383636
8405,67133556955
8456,38812555765
8490,60444090804
8539,51146520291
8569,90900109416
8606,19911354222
8625,58937882232
8670,1965128453
8695,24134242817
8712,56669084094
8727,12910372943
8749,1413696109
8766,02691566104
8787,73212576906
8802,26662511372
8820,0440249401
8835,3197634183
8866,73451034435
8890,72177367554
8909,66216971981
8922,97426014607
8939,19485955102
8955,6575963145
8968,44134471205
8975,44656579845
8987,26454268265
9001,9016721639
9010,77924171217
9016,79467922731
9026,82061655068
9034,41707096348
9038,46086651405
9042,39284261735
9046,78646604486
9049,72893689904
9050,84811476178
9050,84811476178
9049,79875235526
9046,71168248561
9044,72463988611
9041,85750080568
9038,23573263773
9029,73836246738
9025,55413445356
9017,93170189235
9003,85677993091
8989,23074763933
8977,30437545448
8964,06160213399
8946,7649859157
8926,55740937758
8907,08815490848
8884,54616326845
8869,97037989734
8849,69876481389
8819,36526217625
8806,8775465325
8777,25552223962
8756,79689252808
8729,6368663415
8711,29517575167
8684,10340693765
8662,32441044626
8624,12682873727
8585,71678962542
8560,26818356905
8533,51274889386
8483,54805072367
8465,42336701721
8415,47703435332
8376,63823571781
8346,68820784016
8297,68079710293
8239,32890475749
8201,70056539668
8155,03051906284
8104,95979713508
8080,90271728467
8054,31682380274
8010,11726248007
7952,90620063284
7919,10214768863
7877,44759881674
7813,15518574317
7755,08507534789
7727,36339897106
7687,35141858854
7611,93982636544
7534,24065086775
7449,62372331605
7375,79572901142
7330,95383329182
7253,89063801411
7185,92033433772
7131,00497401911
7034,42900031935
6997,90795130326
6941,0356363923
6877,62903168274
6803,273542728
6749,79035041157
6691,15498827463
6613,9855929043
6533,20960485631
6458,2423695681
6410,67953655607
6327,5205045345
6279,21553871895
6206,18284610726
6087,79725300202
5992,1047088938
5894,570972257
5843,29861987563
5773,46771558625
5692,93330706199
5576,26746123717
5468,56665366859
5380,29421533602
5317,26233175907
5212,20626459897
5143,17041189119
5081,87322593796
4953,20154086113
4896,64931163632
4764,02949112217
4656,47006035826
4563,69445749008
4432,73457000833
4292,8443358557
4230,00663876225
4159,03060504347
4033,96941350907
3962,48793999264
3911,28734648237
3793,88065438434
3736,79610442688
3691,75474053332
3597,01541155491
3512,2036523046
3428,02306487548
3351,3209025299
3282,93945872311
3195,09798995613
3094,45880528464
3024,41368893177
2929,85189881222
2865,56750795547
2791,98789400479
2689,67782516976
2589,14012747959
2488,53170373281
2442,0039139594
2379,51567806593
2277,74617399761
2198,98733296024
2107,20835420278
2019,91372108095
1984,11797259118
1943,50934758145
1862,22591755137
1779,72814196244
1748,92826384661
1685,34945600296
1603,48426162248
1538,6697835213
1489,45156556685
1446,96628758958
1381,40709352721
1337,86823809334
1309,79938044541
1236,80659065471
1169,51767684767
1106,47251192007
1050,41596354058
997,236919805893
967,223787657258
913,188959847978
850,178269269559
820,560938571854
781,02746222502
746,382097319012
696,277653721977
650,667666485599
618,021837037132
584,945388390774
549,324129930551
525,253985474639
479,368335569721
451,678911266195
432,340118419965
397,391653992069
362,385553346985
336,441349389406
318,716346924902
287,377879096591
252,410333055017
231,144245890153
201,368147732254
182,211509148547
161,842742872313
148,404292896333
126,239489942034
115,168419177218
95,8735117553279
81,5493548893889
73,0694450439515
58,0087591618371
48,2934942916502
36,7925176294206
30,9429571122421
24,1062467106626
16,9325234959654
13,1912258158221
10,676022845183
9,18416327268704
8,57651992584317
8,57651992584317
10,2007568401009
12,0659514138296
15,3624618808078
18,9982619690836
23,6504616597726
27,1052131051201
35,7957086721136
42,9440671371998
53,7458714174817
61,2696644289567
68,2102473555728
85,6596874536841
104,791726457234
115,567513192091
134,70102129388
152,377771284879
162,649196814182
175,235971511051
206,536419858281
218,136020960053
241,647433085216
260,955138582574
294,17636722936
332,683166662045
370,399911328315
385,716318342302
422,206874877842
467,803280843551
509,726594167182
527,961259269927
556,649639653047
598,666663029038
646,976522263556
701,912434649161
727,583366476647
778,962513681859
823,16046531797
881,475162858896
917,822968203402
973,297574965073
1005,9641463653
1072,43549277086
1122,81706275189
1174,18103946776
1199,57453552589
1244,67350712343
1300,20734952825
1359,21640128845
1414,42516456876
1478,34206093906
1518,37040026313
1587,41468262817
1629,98822726103
1709,48417229814
1792,72232168715
1828,23472677882
1868,49293906173
1932,86107869229
2029,57979071143
2101,83255222454
2180,73820794813
2261,16533191413
2320,00147326333
2391,08468221501
2431,31912966477
2520,95654003834
2609,55720027191
2663,72261701507
2734,45634637651
2836,30057329296
2893,04277389945
2944,96889719998
3054,54408207112
3137,24205285365
3236,63546531254
3309,89054906592
3353,68998861113
3476,84078373645
3574,87924666993
3626,32754876833
3679,82193519846
3791,35258268189
3882,9381388882
4001,494615601
4104,73494965236
4230,61430252601
4299,65129483425
4355,27278393547
4415,56927621625
4536,4464294894
4594,93303647522
4711,137952735
4794,19818521415
4880,07433836198
4997,37957251189
5055,09217867452
5108,35151754296
5177,33449632076
5252,98080847403
5364,62476765255
5418,43476054911
5513,25184893585
5632,54619092542
5728,21873177951
5812,17571039347
5907,73221476029
5954,24723136464
6070,57859792428
6129,32772730965
6241,95467761086
6336,91510543214
6377,77083046658
6443,20832628209
6501,20139777485
6587,32163138978
6667,04387864996
6747,44572606855
6824,27655326869
6877,19928772888
6966,32373320131
7043,06146085613
7123,23336409143
7190,90485244076
7254,09526618778
7345,30844009445
7410,20971081412
7487,59239990671
7529,63137736632
7605,85970519256
7665,25373724199
7703,81969286463
7737,93591974985
7791,16587880408
7845,5329568159
7880,34998509895
7910,99211991916
7951,31493769157
7999,51172477363
8032,55450523811
8063,93384398948
8122,85393597951
8179,70715957526
8220,30539129281
8272,86971421918
8328,30009429043
8356,29764482699
8377,22384848142
8400,39613644974
8428,35742772068
8464,43633244632
8493,25442422593
8530,58414949909
8552,26698388297
8581,46066918831
8609,78962599188
8633,96064880076
8670,69973424344
8699,04063217221
8711,93608684867
8743,06597592919
8759,534502662
8785,60289503286
8802,76988111179
8814,72313552152
8839,05407343405
8854,58081422045
8865,04969846202
8882,99628922055
8895,28888578981
8909,3414106305
8914,90182297948
8923,11404843909
8929,69838657844
8936,03188578917
8940,70759961183
8943,24370416111
8948,0099752024
8950,93123148706
8952,57941854644
8952,57941854644
8952,02068922593
8949,69612541829
8946,63104868882
8943,13049962865
8939,08304704855
8932,95135294304
8925,59067732632
8915,62775365625
8901,71163381909
8886,12065258334
8878,00097125568
8867,06617996194
8855,89625763517
8840,12194368995
8830,87064919492
8811,50108288191
8789,72935824903
8765,91818260565
8750,34123044892
8733,9533702282
8709,24560196224
8685,78807695134
8664,88439230995
8646,65075228136
8607,85212586742
8586,07847856953
8563,2804335188
8530,42900226204
8482,340627826
8444,43827454675
8405,32387803351
8378,0601055249
8359,61515175059
8325,2647441552
8285,49759510412
8251,48037250871
8202,2354257107
8148,99428477621
8126,26261261896
8082,50932051815
8022,56969125416
7992,74507481398
7967,03053370991
7912,15572544553
7878,01507920479
7812,63004248905
7756,4762308929
7722,78133450207
7660,78871273164
7601,07083525922
7549,80488447672
7503,24494332797
7459,27155507929
7379,76423814651
7347,40704055187
7284,81623041876
7242,56796510054
7169,56899990853
7110,16411293281
7036,7251554564
6975,40674896388
6881,48953415525
6816,38156609676
6737,87704148155
6667,90581781166
6570,72624042821
6498,7452562872
6456,83909865882
6372,26277207908
6272,02364921821
6174,08749959934
6130,13623205332
6032,53617591189
5943,67457578908
5875,45067611949
5790,13174510802
5736,69516344532
5618,04970379493
5506,35927498302
5459,93311962603
5328,25670122814
5208,94586958616
5141,34207075526
5015,22134248257
4906,51158503846
4788,49231017452
4730,71917397083
4614,4667195009
4537,23327191316
4448,24160908165
4364,69522521534
4286,71559806814
4175,89315090346
4068,58374294398
3991,35430908439
3936,06255391819
3812,89024025002
3682,44863400533
3634,95143389743
3586,78410061979
3495,17972389143
3436,9256054019
3376,59870169641
3295,96756024876
3250,59977110272
3185,37472217415
3082,3068529161
2973,32804961442
2875,5968199725
2784,80801731186
2678,66330158836
2610,61667537399
2539,53289744838
2498,82638569196
2406,73144520653
2359,88958972166
2277,28030439005
2199,33911770372
2111,41431427602
2030,99287793994
1943,63917468856
1907,09741150361
1823,94534828404
1789,8280694079
1753,72177407657
1697,39796917171
1666,16335172443
1626,37123844936
1581,02129222538
1515,27471982164
1445,31742231989
1412,96643474874
1371,9281197871
1297,61052945209
1256,17567651418
1205,2954539609
1152,64502648311
1103,32951364497
