39,7865626168375
90,451763547236
86,5456470085986
73,593902603534
33,6085676837752
91,9113143635501
61,7702360086936
58,544142310761
84,301042949921
17,7628172737373
91,663398915745
15,2422677191171
60,7714977118985
85,4328300875764
58,8048323238291
64,8502461681376
91,4970938682077
56,5712565866165
17,4176012153819
94,0520554520432
10,9501174329548
26,8865505638004
41,1849579360266
43,0014453097253
82,9650992634544
71,0190183674074
45,6476520819811
62,1615834218271
42,9858554308237
24,2613102841476
59,7424315520294
22,3052513144469
14,056117611032
87,476694857458
45,1389675378515
62,2653507544963
24,4652823891795
68,7003310251517
88,6786700406478
53,7609398615365
29,3783964167248
51,0647722105797
87,0682395608482
47,8786894436361
96,8265909640242
14,3019646985
60,6556789626627
34,5817048822444
72,3066149429915
75,6513350343571
32,1523012743109
13,3002262671014
45,7966364295206
59,3288974507381
24,8848056955658
22,9000120530371
59,2668056112094
53,5442016988733
90,6288033400796
62,5895493163679
56,2636622815689
99,6086525868665
25,5582868799373
70,0397326657734
58,0203857217079
79,3581476012981
11,1861501080851
73,2948028544405
50,2938625497249
96,5394815693328
50,3849637789582
32,796762843056
67,8925865459687
63,6566613538455
74,6736590353184
59,8853452223751
39,8183110029522
93,3062684923905
46,1748543457011
78,6631345649544
20,3633394047447
21,0659471997367
89,8549684788356
67,3345203964666
92,1090090098367
56,4422052849281
76,5086148849263
54,727220160294
72,5918891618922
32,2389554848145
12,9985451432869
70,9210806903062
78,0715276850721
36,08912072428
97,4972775799675
29,7697438298584
35,5064853306424
27,0285068950749
89,8583037219282
27,4684433627261
13,1158145904149
87,3608761082221
84,2878423325195
75,7671333736587
35,2663712553989
99,3555384312549
45,4076397211327
82,1399750756752
84,6552384154197
64,9994604731907
83,0817010500849
65,9605371188189
17,3693473531722
21,9656687751253
52,2262099116231
45,1977150818322
19,7536841080308
58,2237664834707
77,9307236559366
11,5781804367798
12,8495327163718
56,4589299477911
10,7029136925484
28,0549070649105
93,5409364260458
79,463883088652
54,725235157984
41,8034658216887
66,1593837738779
54,90391520546
34,3788598917326
22,7898041078773
13,4479647704623
28,706410982975
75,5473199745395
33,0024632965226
36,7781048672172
24,0878351051769
42,0681491410677
92,7534705785818
21,0345655637954
94,3686398092511
70,0719817448743
17,5924286887014
49,1572544347296
47,0380080244681
63,551733337134
66,1058589099468
83,8629108126568
62,2995624981353
20,0160597218275
77,2827188471717
49,0977832391382
88,2801232851483
24,6189106463543
56,6568846426238
86,6579624156738
66,232935267609
82,2261969476129
55,8024881667469
54,630303273271
13,6041738994439
25,9805913017972
39,7513232099597
40,6206005814581
70,2918969422075
62,5125723483565
88,6629363701972
46,4183488005858
29,2237466151005
18,4196102146151
95,6658490028539
26,155617342403
85,1772530773549
90,5436148729844
18,4808929071207
86,3869482029169
93,1104850038469
78,8976526301809
56,5029284015777
25,912149751518
88,6193762480372
57,9405550090319
13,8598212757426
44,8878554836325
57,0961410445609
73,6920208687391
25,167841485314
14,0875003366207
28,8904353319157
46,3445008808489
70,5451695996081
41,861638157564
86,2656609743208
48,1231673053108
17,4303916643515
78,3880485074539
40,3206585349146
76,9718281072433
78,865357492522
84,5254356761116
74,8887969669368
29,687510109361
64,6391641975563
53,8799522835202
24,3502107189736
61,1271015047688
63,9205301617833
97,7365084121639
16,1380177392336
70,2699364397069
93,5474774118268
87,3352826374282
35,7232685460352
39,8903384152289
66,0109270252338
55,663618890412
22,1207700260546
94,8634677263272
83,5244595368972
96,5998760734684
47,3447308630425
84,5754360335765
27,5279134686701
82,8792457342517
47,8744406150069
63,8042108452899
39,8899563680822
47,0540857720441
83,1132232086329
40,0928443996668
56,0662896680023
26,1386568966036
10,0322951376588
71,9774927254661
51,0233527845812
68,9318661386761
93,3013908114756
59,9798689922224
30,5376447646588
95,9690395397921
19,7714907069558
27,4313330731501
97,9494825973872
58,6204988922088
52,797023469022
83,20988696218
16,1383696115289
56,3753225590919
82,112240280077
61,7667727739395
66,2672784813993
45,4571908085873
93,4473685703461
82,2654814190536
47,1807048130691
90,3133609333603
12,159596640691
81,7599184633046
16,0055116685133
60,5459998736838
31,2371451366866
26,8664443897393
24,623285203531
76,0451733395668
24,2036467717046
77,4088205152232
87,3029874997693
63,745775820569
88,8669856306477
97,0790608865577
62,3622280789363
62,1409010338322
74,3258229616684
87,5554199971051
86,8283853665126
29,9133977898925
86,6259534361893
68,9074145764613
40,0822222652297
64,664553652827
57,665841233761
83,5146338089903
64,9418454919671
31,3464504346934
73,8255659182675
20,609098859415
32,6912883262575
27,7668137186052
34,7967879123971
60,7099918512208
66,7722694979852
21,541472348171
53,9743573237091
69,991644890975
74,7318944031056
92,9050463172165
12,808047869619
31,9043092578204
44,4168521205042
75,3882029537988
95,9068994624107
52,3925937909598
67,5083369284442
85,0331793935193
99,4045446950032
14,1263774475671
71,1313678469189
15,891948573241
95,437096052541
27,2673070231766
13,687407497171
43,2521820642297
51,6776961980749
51,3409580156863
12,8801586399228
47,7225113276963
61,9245988977722
93,2768347688377
12,2196074212993
13,5945479122896
54,7175321889657
69,5361737811641
38,948987908172
38,1569937794269
40,3067913885726
50,8207557307653
18,1665437101231
14,3341780706934
22,8235255939996
93,9233390492961
27,1053499202735
64,7216441783689
34,4905624559571
64,6940193114309
68,7576541904163
15,2732474428011
26,0062968805462
79,9086660984478
31,9419057396901
69,6991884707004
49,477731012496
26,7993397530165
32,3297176660643
17,5294808892205
57,0225843540498
33,5200874337555
69,8637761500961
12,6333993080228
67,1114862510522
37,0093830754093
40,9804474194443
19,5312131007813
29,6847018365211
40,8223042082145
30,6706707648331
36,3707256812466
23,4436058827879
39,3513431490172
54,7263880049467
58,5837889642379
95,9598337374441
66,7971897762256
93,0684229792414
11,5137570032448
10,1619571029031
48,9657633188021
18,7616196082726
86,9836768866441
82,5833038252701
97,6069111971217
31,7162144471501
82,0159327993244
71,3349290291476
42,5204189505989
64,1168168997936
37,9181924359492
47,2064561150998
31,4195070189515
81,1344094253771
16,7867039548171
80,9569795806692
15,5331444021003
47,2226918196411
85,8141425185903
62,9428916298518
17,5741368194922
45,0369423418478
93,6682582477426
44,0233485465978
42,3869285091697
91,8296415600132
86,6549537315289
35,1822780935011
73,3581167754522
73,7393547332563
82,6805412362705
33,7309167737751
30,8159606628194
17,3675237863173
18,0568210352477
24,7584678254828
82,880099263452
30,0500954827527
69,5045750539306
15,2931686282592
58,9645146201199
48,1962840716337
87,1642828859222
76,7054873084209
92,7524783288839
89,1642695661468
92,0240988638364
58,2169337236401
47,9396840501296
77,6268093835687
90,4266893353438
29,5744979565844
17,2542804606512
48,570865373393
92,587820283411
13,9288209769543
25,0933613605301
52,9603283400463
50,1963753161004
15,7772696371084
45,0612607156212
56,8336547058232
97,9768122536954
68,7810642173426
81,4362756635231
14,1872756621741
26,3904954522804
24,0519832326341
73,0775883901294
92,0282361293343
98,0768803172171
85,4830489193476
77,7181167657106
80,5209738903311
13,9783770097319
69,3778527478584
57,8726594559255
26,9627709393216
51,2708702177139
53,2226589430229
99,8055426961768
38,4380200078888
87,2425940433715
95,7313073918835
83,3126653979126
63,106043279686
26,4766363131239
82,2450952894264
24,7797035029063
14,1280000582933
99,6651064649527
39,9197709234058
79,8537201666523
63,7273054168221
70,231907912638
12,1308599142967
50,2194718179384
28,3832186685797
95,2692116448978
88,5652026667098
72,7737741138664
77,9721156312023
85,1393453335107
55,9114479207953
79,5499290663516
14,9436404159961
51,8563811908739
36,7333065703201
44,5924883636611
33,2099675355526
56,0561615210288
98,1305904212085
11,6894581223323
96,9737163730775
15,9717269409316
16,6232407077324
69,5910606624517
12,2455048618119
85,46839881943
28,3302323838371
87,7106393490502
44,145400162854
99,2722797297278
68,9495883318361
92,3631296643816
68,1571093938114
15,6293287526953
23,9908113488885
20,2890659776931
11,8475170954352
29,1583809299201
39,4894407873458
31,6935592944238
62,7056675510042
80,4488848291565
31,8334270649745
53,2986746743781
41,3311461225763
26,1813783255319
78,3690249819164
21,2496620888122
89,7433297428039
47,6526069257653
91,5697359673538
58,0718385372645
11,5345160437443
38,2303128010735
82,8800037935749
57,7555784758905
63,6086672049056
42,539799251845
47,9739669561265
42,9148198491497
76,9389792610607
10,8545633176596
38,6283739510124
78,6998359014745
26,1897570016746
63,5483182564137
21,3928196725402
99,3143116633009
37,8655698419854
26,444240592627
42,7449712682259
14,0515866056325
26,566720733683
76,4370311267846
48,9837905713282
26,524831543921
84,1382998759571
63,3245660333543
38,2599145398754
86,06412653628
17,0993738375136
17,0805702950249
97,9673096062463
96,4927932370886
17,702543762374
20,8777497945715
90,8286136206373
39,9267965927379
32,7493249591204
66,235232872998
56,6803987727875
69,3077178435902
81,1844139737936
96,5746209381961
54,7545800333631
61,8511042333446
51,8205108781441
53,1335911635
37,1089176727035
77,7828278661626
14,7885586529917
79,0547133186156
83,3840922468268
73,2990891501769
14,9076356575394
87,5181493617213
41,5051178035816
35,0974849169597
89,2465222297453
66,3551722496539
73,6172785999334
10,2841011715513
14,2798847119696
61,9098404198465
35,8154460116362
69,8584089660358
12,8872537114133
42,1355807139238
70,9972921391005
15,3120072071031
72,7197046357764
81,4660230798023
76,5649867041805
71,6303369689874
69,7638418198395
73,4372534246357
32,8671726318389
29,9920997954868
31,6824510934215
87,1326863379836
74,7043206657769
41,0047087124571
36,2156483606508
60,4770866737129
81,2755678832883
38,044660518898
33,6964780481981
34,6682204560694
91,5851575795492
30,1843944006527
79,37263199099
65,7311287036776
50,6802743629926
66,3941527094665
92,6179542730646
56,3962976012362
65,0278331316206
29,2745735539471
70,75917492656
84,8961710673273
58,9638505219314
19,6849301642202
82,1362990243995
31,7969104656004
15,0631232303861
33,3225355731894
12,4897266144351
21,7537552778394
13,5352473303374
41,4703822329037
64,6509767298824
21,5130180080948
13,4150338235381
12,1138358917617
91,650851583877
42,6125698874763
74,0684528109005
53,8027980382567
80,6342725365582
97,7707854927381
46,1619309178376
78,2190332553438
50,5504231343746
50,8128977384478
35,9393752161131
16,9885759320988
40,7857487168097
20,170833994714
79,0123826959228
23,3675442186033
18,4094202930152
13,5925990778918
59,2329248689268
46,7862800260942
38,1688358160522
65,0193905015566
58,8684096880576
14,4187378950504
55,4139634433267
57,9530323100989
35,5549339044629
21,9427227703588
31,132973125732
60,1147753466455
65,5334176707703
67,8596139828952
62,3160948801395
48,5664384712309
74,7433011255894
60,0053843855883
82,3278447903357
21,2250350933639
48,6403010173888
72,9883894338219
48,7342401494897
80,7448172665875
69,1345070298456
41,3234012859517
95,8575352494873
98,0745472982873
92,5367868563797
92,3188926197211
42,7413725819166
90,1677031117341
33,0609619398885
61,0583776519906
62,2800931391679
66,6287537974439
73,9450000757095
36,6314610823204
83,7441601994187
69,6497149158501
98,38883459493
32,6812402264593
72,2158515882752
34,2192081474789
57,0860601296118
90,4356477877291
85,2794800676776
68,0797612332179
54,6724810519593
92,2193102455788
45,4275328691246
29,0069983103345
41,0396994282676
97,1843851996513
64,952298060503
86,244535435105
98,0520398766045
57,4240185494647
95,884883471711
