1157,9388658663
1157,9388658663
1157,37253169705
1158,065999263
1151,18078469447
1162,76105466688
1181,84138751935
1191,43848963615
1194,79653772544
1186,29978782865
1178,33582940918
1162,08494508848
1165,26290842018
1201,48622666965
1206,61889788631
1218,16139024634
1231,37576073603
1243,98363169617
1308,62970386773
1304,45921707212
1265,12219224476
1221,8764299584
1230,93314793321
1210,55477513902
1156,71519747969
1158,63563784745
1135,07036793226
1137,17996456045
1145,8613216908
1091,80166504709
1196,06525491703
1287,48160234778
1364,71550021466
1353,64778803366
1410,0819809331
1395,56218803207
1393,2785837239
1346,90385339992
1444,52020587052
1420,7250052381
1443,03337390788
1494,10254808725
1567,23570526691
1686,95625899423
1833,29614058719
1982,39297891185
1936,83001049312
1854,37619470916
1933,55288217923
1950,9478337514
1949,16065578068
1878,10046567717
1826,01045777668
1761,73147654391
1795,01905437513
1853,71120243599
1929,11936146446
2069,21815119331
1984,98303005779
2035,7030192195
2177,21361507011
2220,8415663399
2312,2544366007
2328,80130849481
2347,9728946682
2408,03716466652
2328,99099394241
2386,52858865044
2415,10907000038
2381,44495373324
2366,53621617748
2420,81412876361
2431,77915218462
2538,8804654634
2494,7199037952
2513,55098197495
2504,46810711942
2586,43488582039
2564,77718770093
2596,99502598317
2584,84948201741
2636,57825193246
2676,42785267776
2696,65875535229
2712,1230536983
2731,99412594624
2790,1962698753
2798,73043772706
2780,06783484932
2756,18280316339
2757,26936050936
2765,36965769221
2751,16968158222
2776,00192973018
2803,61095628721
2825,53503829424
2833,55461436881
2841,00445862981
2847,59174871165
2853,87196131287
2856,75418572461
2856,75418572461
2854,31167069185
2847,76702892956
2839,43949394871
2829,21533557494
2838,30768279317
2829,6942606092
2844,27882814309
2824,59502290962
2807,4541698308
2815,17578102498
2791,69741382063
2776,25726964858
2764,50088315481
2735,47170492647
2712,77462333328
2695,88611310417
2647,3835252271
2686,17131017101
2624,54163235451
2566,21452332578
2581,8515049727
2528,19973101737
2438,96799156171
2465,4610636636
2402,6976306343
2321,86918777948
2384,95679412976
2359,3992718433
2292,74407146682
2361,50944398004
2278,6621416339
2290,67030810764
2306,21855524845
2380,04185195567
2374,23778726749
2333,28087456547
2322,75005078183
2355,59682015907
2361,2923246196
2436,70395953204
2530,96914749098
2512,2385981803
2489,37582278241
2562,23563900247
2600,48993171141
2467,35737242073
2316,23660728831
2214,20556701934
2321,53342704658
2221,23016119359
2312,70438017729
2292,18664859058
2368,37623397167
2429,79095717529
2293,55330032667
2316,06901917722
2263,51879272327
2218,42485693918
2289,65961780402
2376,5823410931
2260,08222270239
2128,2013148156
2186,42630286702
2057,48548840875
2020,79239313043
1973,92635672108
1947,63819512745
1877,2566783639
1756,53497073973
1674,53486862487
1705,56322698294
1617,81968954439
1526,41398135834
1560,58265619566
1498,83579994125
1419,25858594629
1442,81687149276
1483,5030309876
1494,2693570956
1503,65044905974
1502,32182189111
1464,26652718758
1410,45169283042
1393,08190430081
1393,47960665779
1358,31931926642
1331,18147190809
1343,13550641944
1361,57562499232
1359,09217997636
1333,10707283332
1327,52282885663
1325,39147569155
1316,244932145
1320,24176503357
1313,0288197254
1316,15565077968
1319,40859827931
1315,82943359419
1315,82943359419
1315,10986013148
1321,83563222859
1320,6101327072
1317,08223545341
1331,8011496543
1347,28339484524
1374,47027248148
1401,12952810281
1410,68113290383
1437,88857573284
1460,31317297719
1481,60110395402
1489,99247020986
1512,16601401389
1533,01673893864
1518,3820171222
1511,17536749317
1485,09535438395
1499,73668402831
1566,13519143823
1534,06950417332
1558,70188820563
1617,63477868738
1703,43271012727
1752,96492774792
1741,38465660205
1795,29523863499
1890,04088756537
1862,00297046546
1875,27445005219
1971,55397467406
1951,78748257225
1884,43890543154
1825,81217883873
1796,0026122991
1871,90424909438
1955,74005002665
1893,8103404061
1952,40867124741
1907,54706646146
1830,55801196143
1746,8712329442
1684,77536156251
1779,91452374343
1791,36660088979
1864,02776038313
2015,94231285525
2126,34779375044
2141,09827160291
2150,95004578966
2134,74649134518
2302,2657040804
2479,94038909634
2492,47196672581
2616,40780254547
2783,38239212157
2824,55515971471
2745,67821906921
2724,53858243513
2644,13027316152
2634,02230763716
2565,27849531308
2683,91534628231
2764,52737550127
2898,04274334146
2856,46219881981
2878,66462384773
2847,66221646129
2877,17903569023
2813,54769666565
2906,16467352387
2964,57076941495
2933,34218488324
2928,32805531897
2926,17558629949
2942,89894603812
3008,56735748638
2993,57020622155
3005,93271663838
2982,15480611909
2952,99504146138
2968,60328151202
3003,26439370814
3030,61578135873
3011,2765498456
2987,31559744296
3026,25451255844
3027,14354623554
3022,76200631539
3019,32604250057
3005,23950977719
3013,36441009518
3025,31860142523
3029,02649988058
3027,53157923684
3042,11604351202
3052,94109329625
3049,47025712238
3051,68353711836
3051,68353711836
3052,91700484423
3057,08667502044
3062,86157159827
3070,81086311881
3051,0236234258
3050,11227842556
3032,98904226915
3022,93207663024
2994,03982159851
2986,3943526335
2983,92699613493
2939,79280487401
2888,1245488715
2875,38447171198
2890,45417824651
2899,50208487003
2836,93171247287
2811,19163691513
2735,56649253646
2748,63243540369
2718,1192197586
2641,41865066766
2679,92720766064
2711,51614901997
2620,4753259743
2585,17837079334
2571,87504339771
2566,92485592539
2559,33174140609
2574,06234830788
2557,78215250195
2458,24819946841
2414,11332726055
2332,33263608829
2370,67231525605
2438,68883800073
2378,17294652079
2360,90367684891
2406,89383331933
2259,18972288146
2102,04048559612
1965,33407179924
1913,71201698636
1902,63723310616
1980,10411827867
1869,1988496257
1871,97611951305
1821,66869613047
1790,13708623375
1657,20462498833
1772,59359971797
1810,39393191822
1790,48715815809
1822,17442299601
1736,64413976029
1780,14292076274
1701,6531081416
1707,65672182872
1733,72701175405
1773,68088911738
1837,80563538904
1716,9657748808
1801,95418427603
1866,79193501677
1925,04866743882
1937,02562021847
1970,7889251342
1892,08771828231
1911,91445849497
1934,78633861597
1889,77189010315
1876,71601326834
1894,90191991613
1911,46337487039
1818,10081109949
1757,46783042358
1782,49603329045
1759,67023703254
1716,94097224853
1729,67458715368
1731,50594181097
1744,65056262084
1754,20767700328
1764,33981037864
1770,59957687641
1790,31411007378
1753,7946088464
1735,26514410864
1693,05589882706
1688,6529643222
1699,36337203168
1689,57444123252
1696,97299614035
1708,9971304235
1689,13059987106
1680,39676743764
1686,65047469561
1680,23709450263
1678,0137856288
1678,0137856288
1678,93512260604
1686,86520780905
1691,64161931968
1698,74448711553
1716,83540081272
1702,75490010584
1690,19310803963
1685,71805217309
1684,75398717781
1672,14972782626
1673,33353501397
1672,83918223346
1685,0760831674
1705,09666854455
1754,43286335284
1787,51046021744
1792,13276215835
1832,11169360919
1819,69242602833
1873,13288175069
1881,70850439338
1858,77036033737
1832,81006801166
1797,03129358153
1815,69162517287
1791,91802215088
1793,10790138445
1829,08138824938
1938,73853133709
2000,79186030104
2049,82522629063
2104,33189282135
2042,30747833769
2121,65227535928
2091,08886578749
2075,8229519765
2098,2422151155
2235,16351932248
2214,50171816577
2271,02775515496
2362,5428171613
2373,35206542525
2286,99666893436
2204,94030404545
2326,34088143666
2436,11011304935
2429,27501206793
2605,12069058061
2728,02621793562
2620,68117377566
2611,46832993416
2713,08609593859
2670,55400469795
2598,64964983065
2533,54206703563
2657,58310587629
2692,41449864899
2640,45186613186
2797,76297526926
2905,25430819302
2926,27589508923
3014,21523358553
3103,21969187372
3097,89821964218
3057,58517833314
3179,05003208995
3143,81043471834
3072,39939060006
3181,60395722538
3173,94944914149
3276,81243569256
3219,93779063706
3307,76967990388
3349,90085879355
3300,76243302373
3324,16933134541
3304,39367303755
3364,71373669613
3393,37045057033
3442,49539643493
3497,08817852153
3504,48840327547
3566,22390195123
3622,2022497735
3624,94369747124
3630,27449454473
3636,92926372221
3631,86057784402
3640,39261035751
3659,8732091851
3692,03165689597
3680,62530192389
3667,91497467603
3657,57767074442
3647,23505163157
3642,48036875319
3638,80651937332
3638,57884393156
3642,51420733003
3642,51420733003
3640,99307975108
3645,55179757399
3650,65859593128
3647,1508501645
3638,37524832821
3625,72689710824
3640,90208574129
3620,59659421584
3627,31070559514
3619,7109623185
3592,06207389611
3559,28810986173
3539,84974709519
3536,08901259717
3506,29445918235
3493,47235115202
3443,18459905199
3440,74783110393
3414,68241453333
3340,12161130129
3274,38052043094
3299,35569840938
3289,95139802934
3221,81780062067
3171,67738733724
3134,51869657902
3109,26222310907
3168,1484162078
3159,14620128197
3212,73667015691
3179,01118873498
3103,06346432151
3142,78537203501
3210,31291576694
3280,51842556471
3213,91060100697
3244,64020953655
3165,08693566895
3175,73610587555
3212,81384723262
3058,09850608767
2917,8741487251
2953,04889205818
2789,65554670806
2752,37899023051
2574,68836881867
2407,46999352699
2296,65971750946
2325,56225244625
2182,57456622616
2111,11496542279
1969,59901150018
1999,75134418036
1956,22323162864
1980,73709480313
1811,78673416255
1672,70949200313
1677,59310143813
1636,84034948798
1616,43656468188
1653,31743533747
1622,61077830019
1649,35913106863
1510,9755677971
1373,25014490171
1365,10624797023
1265,8435003997
1336,00145389736
1217,30225801864
1206,89250479177
1220,76393440141
1159,86139122614
1222,28556697624
1211,26706749614
1158,21850686139
1076,52457465666
1125,684942928
1116,58366509182
1057,90143044084
1071,83983102135
1082,92380220319
1033,3004417079
1013,03162333231
993,6092077151
946,462442682714
958,805641776886
916,870099515502
937,27946598217
949,282336609664
972,703114272983
955,932156405195
939,369206850311
917,72723710543
920,777250910541
904,733905520633
910,240668446498
911,506388438637
914,320979657734
911,256213340563
911,256213340563
912,083288936729
916,64162171215
914,492940885991
907,752070727458
900,852733289104
917,058302838849
939,122911825741
928,415328557239
911,46307703716
925,037264497317
926,294538766843
930,726009647329
953,716546384673
927,771239547699
926,392030701039
965,740468380294
941,105230849007
974,493003975272
971,784792911535
1020,20281532081
1095,05159486227
1074,20777112833
1104,09418901135
1161,28029835731
1219,09711449626
1266,95764045965
1320,10831150641
1354,61176501709
1386,68927287324
1422,93665413397
1524,47823208258
1618,75718228126
1605,45869292908
1701,09394232831
1639,4907271137
1624,40220307354
1668,75869765466
1623,97149106226
1699,59796750788
1625,86314894048
1553,53664925803
1606,54139448523
1681,17297349031
1619,71973255003
1727,35266906105
1763,2102632884
1927,02283115342
1913,22742879299
2076,10117431884
2038,93004074978
2190,92589485074
2159,87725552091
2292,72307745103
2469,64905213567
2575,93358182457
2505,47426016921
2629,87394757433
2714,09866648452
2748,88755217422
2682,17388038439
2820,19705473343
2777,0239348353
2740,34388182813
2765,37864573476
2712,63100177191
2634,71737816945
2744,96644758478
2794,6236943287
2831,80667638136
2795,21243969613
2863,88500505532
2895,99439830482
2958,44646275903
2965,90495307385
3062,05843437671
3134,18301932653
3100,23168829467
3064,4897534667
3028,3982703289
3066,58787024067
3107,36635220394
3088,1605668959
3079,2328829881
3093,32786709095
3060,28718837513
3068,2701836483
3046,42895430179
3073,07769863656
3114,40904282406
3125,73569077781
3144,63424813032
3129,42468634314
3129,98665184806
3137,90070568002
3134,6254661345
3145,78803463587
3139,63291973082
3143,91003260944
3142,15441972974
3142,15441972974
3140,83668655196
3134,58036456228
3131,49522132813
3120,51939344579
3118,18912238134
3128,03153623679
3105,15219277272
3115,66173237286
3117,44091665141
3098,26842694351
3064,3093870157
3092,60882821596
3067,83831432603
3096,33698697292
3109,00438232282
3130,77785305063
3074,48955038567
3047,94045178999
2993,87488802908
3010,28543470459
3059,08037653299
3051,43011023003
3090,8426668009
3034,92672368573
3087,24130577671
3064,58360609849
3026,98484008302
3083,53530765862
3128,23920047555
3165,578665556
3143,32832632779
3090,57305139945
3128,43516185937
3157,21747713369
3043,75283304926
3062,72349828199
3092,23293438341
3165,72735077894
3054,8710412877
3100,27627220353
3022,30876619849
3029,92065920696
2983,47457138499
2919,45227562238
2793,17506505417
2897,06725407702
2892,67150415847
2810,1304403762
2789,41869239277
2839,39532376313
2926,93324207986
2864,86630934294
2684,4298028784
2690,86892390049
2652,2474814025
2512,30400269791
2377,09867128222
2465,09947112291
2444,14447736635
2296,05597156736
2243,88367995689
2136,09677071017
2108,53647740471
2106,37977119124
2162,23245122797
2158,28711078422
2158,67931021614
2155,0284047126
2211,06556412311
2167,88413745495
2199,30064394069
2256,99476945148
2242,72292676956
2174,55599290401
2182,765157097
2201,11382737063
2165,0568709967
2164,68364332499
2186,74782892519
2112,27176853729
2117,68284681369
2080,21837261665
2084,88363400105
2038,19225391363
2006,89711939753
1984,86272357556
2012,56268102963
2008,25108305898
1974,51105319974
1939,32618421061
1916,47480087489
1887,31030445439
1899,32304044781
1899,35225635811
1910,5088038296
1900,25361236308
1902,28911926629
1899,5481934739
1900,84473543691
1900,84473543691
1902,85495394303
1903,15919474138
1896,06664166081
1898,16104781803
1913,33507021467
1927,68366679199
1924,99094832399
1923,8774741541
1926,39306218363
1965,00822284194
1973,84233620439
2006,22620746634
2007,3053907529
2007,19206117615
2009,04466228981
1998,43174287678
2056,49319800124
2036,3965770768
2077,39838691233
2127,2691213515
2152,47747296303
2119,44280748602
2100,22013806972
2102,14457156721
2127,69381540739
2117,37739710276
2122,20048246114
2219,09004407147
2201,88771452731
2259,80562149799
2232,84071518669
2323,85653409914
2278,98055296455
2328,16395673797
2318,34202459079
2313,98840023148
2301,77463091173
2210,67976596815
2176,34980657191
2095,41488388377
2072,88207079176
2041,48109925048
2044,63560886226
2131,00870701513
2193,77032905415
2218,88545047291
2400,65242108658
2363,7721588197
2283,41767733368
2301,00539740445
2288,49683640995
2355,73380098293
2366,51537139309
2465,08424011855
2590,11588995071
2539,59807911906
2446,48737418916
2356,38866023886
2382,66374197167
2303,27412048321
2406,39073036126
2416,46349840223
2363,25889349955
2494,84352356589
2573,76862100296
2509,8798289494
2603,67528427861
2592,15971013985
2670,46348267983
2640,03299829999
2687,81347375056
2658,10031585791
2753,67922080275
2831,78026882213
2830,44174470158
2808,01454101504
2881,74001332267
2969,4036773595
3033,56410051135
3011,72357921774
3065,28734827809
3125,4617594681
3117,60283167176
3129,43698961504
3155,77094102044
3155,53001083039
3179,51423729747
3216,97669552163
3240,57962840189
3249,10538523807
3227,97522254771
3211,35272279687
3197,56863570063
3205,27626087948
3214,32592800927
3228,34247664788
3236,51935991446
3238,58579835118
3240,4077748375
3240,4077748375
3240,89877715488
3232,90612287303
3226,28214671644
3216,13951910443
3205,35501930702
3217,97092052306
3219,06053552249
3226,02954923158
3229,03226955507
3232,08930643689
3203,78115454641
3205,7105910745
3217,17236490937
3217,39444372086
3200,90709831384
3195,41973545561
3146,28029055441
3081,55962498968
3102,59029883379
3107,02648643843
3061,60710230768
3039,46157038298
3030,46489304084
3082,35370643844
3105,46121137769
3139,32670407487
3119,90348550971
3044,06776642989
2949,16873826215
2960,75035779474
2978,6408769225
2902,67532881288
2835,06968501614
2899,09529678407
2821,75094282448
2843,67722729839
2898,85947245381
2868,42233369072
2779,10316892113
2764,51382198395
2717,87705053253
2781,93601285756
2739,65849767945
2700,99242348531
2703,79458486167
2646,6511348245
2513,92174411133
2590,67688747359
2563,1193403523
2585,89843331924
2627,41952021356
2458,922343172
2511,00843559495
2390,61065558764
2335,42902918431
2357,60138781928
2405,63042582498
2412,81216120758
2452,21028825762
2336,6908900659
2409,40560386656
2398,86821304172
2313,24101468308
2201,65820728245
2127,09213547478
2199,31979125073
2159,68788731158
2066,76531318927
2030,02075348292
1961,81085034134
1965,60815972425
1908,57043723379
1835,73731477919
1836,71757977191
1865,27607353538
1800,09796383236
1730,00667937082
1743,23101181017
1748,57263808314
1761,643719586
1710,73427399748
1721,90575185768
1746,08199289165
1726,64415528786
1688,67879556561
1662,13285082603
1611,19388781711
1592,36073473783
1550,75076161975
1515,64200826867
1517,59234504215
1516,27825568667
1516,33802354798
1519,38215797775
1522,22503020569
1515,40080749625
1516,31237739861
1513,66280421804
1515,16984411924
1515,16984411924
1513,55829169189
1509,44198932119
1502,77755145374
1497,46885504865
1491,53994849899
1491,27080082934
1484,33321191274
1508,63004439912
1532,06177508685
1540,99604770438
1518,53670294366
1539,88109647663
1533,32234701948
1526,32707083408
1502,9425617906
1467,26636371467
1451,74126932758
1417,96824913899
1456,95997457549
1484,78720870017
1460,60333896605
1432,88389462236
1465,80585824037
1496,82021297553
1457,25143221265
1558,34337402989
1573,41831837102
1559,23211595306
1561,79197112591
1634,60934198061
1703,19909777306
1722,24786509827
1835,58772995453
1894,55113102167
1919,42059630427
2053,2290383557
2067,4209449363
2196,30676227748
2199,85053415142
2118,91507049152
2089,37353656319
2017,31097614342
1948,95815143592
1878,29590655411
1893,78416190379
1847,11502930145
1768,30880149319
1954,72784851246
1908,71996361125
1815,23349624725
1880,12809048152
1848,99096872406
1743,76792433512
1821,17710523362
1963,31351437201
1904,64789305359
1810,90839702064
1731,60550595503
1810,03327331265
1862,77041540834
1979,42990621078
2115,19634227343
2185,35878393192
2272,58042756793
2374,54922463044
2481,96065580452
2594,31573624346
2700,60509823477
2678,50709970114
2791,44179203596
2839,22540702411
2884,1467890267
2881,4325952883
2956,02225132362
2978,38495988584
3007,42718821961
2983,6562957587
2995,91268008124
3031,4204531123
3015,90764399986
3041,85739728038
3101,81810048978
3136,65780153231
3110,53618600896
3085,639469561
3098,77434524688
3120,05480384382
3130,33054011051
3137,29397278823
3170,84480164444
3197,83802499894
3210,15205859344
3220,3627763571
3242,70480460762
3245,97313284183
3249,83725923832
3256,6418956279
3263,91234395463
3263,08207840206
3263,08207840206
3261,5374333888
3257,0661863969
3250,78274438213
3248,78486428148
3236,23788540896
3246,95462383691
3254,22061383641
3224,04892443421
3194,26080058061
3192,57226148088
3193,14920885989
3154,21607343807
3124,76776441893
3071,55645718964
3049,32340113135
3081,31680451544
3055,34641670517
3034,20737492061
2967,86326334843
3003,58781239781
3006,13178257743
3039,78290563625
3012,58918329616
3033,7513905131
2983,19338164925
2923,68266847119
2845,83170748997
2748,61697321675
2718,64133585516
2700,58036576015
2754,52859312637
2702,24425950341
2589,60038818121
2540,72069131914
2515,598147084
2492,07438990887
2371,29844964337
2253,24835910781
2318,14483453172
2193,78537383684
2106,18110160221
2149,05707330976
2072,99984941455
1959,96047350688
2048,10303248954
2125,72958509481
2185,79860871667
2251,91071315739
2184,5995706222
2058,60730315233
1952,61611649795
1958,82707054113
2064,59136869674
2004,0733594552
2096,93375531925
1925,90469360477
2013,42322601817
1985,67562799271
2028,17199194775
1936,8529162165
1899,2334890824
1866,9868141028
1801,76502698966
1821,77005458668
1789,00271604033
1691,38291009338
1757,09536812096
1689,84911170241
1697,90306315548
1648,85207302424
1553,03156884212
1466,4006934274
1480,88162395138
1488,99828871423
1444,72698677775
1469,38198527944
1414,29997372958
1364,05070571008
1304,70803040671
1288,8937223297
1214,80476457235
1251,40981784212
1257,46039804884
1204,16081237763
1231,64068030884
1258,11833083467
1215,04263322309
1208,91700661896
1230,76470191682
1229,98997563365
1236,17197452307
1226,70663418151
1220,99812410446
1222,14589507829
1206,26454234266
1201,31890436472
1201,43751318633
1205,86599274439
1207,43163165573
1207,43163165573
1207,19783271923
1212,62310557618
1221,4281329359
1220,1815994148
1233,36473841544
1256,74564263371
1252,90957702701
1241,9947988579
1267,00059446124
1264,94789576984
1243,94269465317
1289,52728636261
1305,65615540559
1314,78220187443
1356,10837946278
1404,1037203033
1381,30262978659
1345,95190732533
1385,82209934006
1346,32348571826
1374,34565055405
1347,31865296705
1321,52054988664
1360,91076034573
1345,42451793059
1401,69226990011
1416,05846612382
1401,33303870546
1492,3488692479
1430,75652580315
1434,12076191405
1425,46561706358
1488,79265405163
1603,29243579623
1524,62546950198
1488,98834649519
1461,28483372241
1574,35404268687
1724,02030711063
1839,69472768516
1755,20464019589
1758,97336166118
1878,63465475302
1968,61671976476
2083,86835229838
2130,38442442118
2197,8918911328
2317,14354198069
2361,01177704046
2457,93975218513
2361,90525994389
2324,44836243524
2299,25784512947
2202,96967667591
2099,90527647468
2246,42994042189
2375,74206641714
2326,50619434533
2298,96868331123
2447,24236148933
2465,2289724501
2385,43632655099
2511,36332673848
2578,06000333226
2611,1341223586
2589,08341369605
2522,99775067409
2611,10227550636
2625,36823163953
2628,57158616733
2615,10041605267
2632,31775295526
2625,13249933809
2614,93911727804
2575,69832969964
2596,83817875536
2629,77406862759
2717,75206927143
2674,0616020853
2642,034284837
2622,60784302922
2610,12377010198
2597,65363244454
2642,36924386954
2615,56937812882
2603,92825927284
2634,45306256602
2669,21386879851
2703,39230335066
2727,24510935994
2730,85811411573
2747,15569742618
2756,55113102968
2748,95054615631
2744,17526811295
2749,77499009416
2760,88730321679
2761,51680982221
2763,62976271083
2763,62976271083
2765,84893439275
2770,46842888448
2771,91318252418
2779,53688253999
2765,13403908961
2753,37084913876
2743,96515686212
2757,93959880524
2761,98234230856
2773,23317590339
2775,04358335763
2788,22135332721
2792,01635545158
2820,88536344808
2810,59392726095
2839,70335866646
2834,18217906122
2802,31563858833
2822,19977039834
2759,19382546879
2723,73241791191
2641,34847635354
2610,87180493831
2612,48428370491
2632,51068377556
2630,66306523432
2549,85952827309
2519,89416999439
2437,51379597034
2497,08943178518
2439,65949300661
2314,25341280953
2187,29026171606
2210,56417505451
2160,1128139094
2182,41951383502
2082,0984328358
2042,18568022092
1994,42207635605
1947,3828476713
2019,27490996238
1893,31083914624
1747,55525991486
1817,80565428445
1785,41984597473
1710,94573444489
1719,1033185448
1585,90449645533
1650,33851052892
1742,38749632499
1720,61444630502
1650,97575388764
1716,750013734
1750,78516105841
1816,31472225278
1674,41333700903
1718,82000208926
1613,50634342502
1708,07611992549
1778,96818692897
1770,17791153555
1735,48967931433
1629,37005918947
1705,55354564635
1681,84292755473
1654,10971468115
1523,13865960908
1430,46370611715
1434,15246910367
1389,29139831201
1342,07447175741
1260,52547438132
1295,50647465079
1300,83975723499
1211,29235259299
1142,26033461162
1086,81983205658
1073,16346739398
1068,14813843935
1113,06529635613
1104,00146444105
1146,70899512112
1110,60361269796
1055,21028253325
1021,64001413064
985,746983958476
1010,8207289694
1037,83433631558
1044,47158240251
1040,72409013581
1026,5341059853
1028,45506704732
1040,9926796549
1042,38163675888
1025,16733630652
1016,69426792967
1015,61226066072
1009,5571721684
1011,08593708495
1011,08593708495
1009,95992078165
1006,75704571062
1006,97182360989
1019,62027009075
1013,06756037225
1006,84906537665
1006,11608177708
1035,24405195864
1014,74422945582
1008,76719587891
1039,03467651412
1015,42183480906
1003,59496698584
981,446124212371
978,532269695834
1028,84327604475
1055,28033325527
1034,50865546768
1108,13964032723
1126,17866363813
1097,56175626477
1165,68700065542
1179,02988431446
1243,45350900602
1279,37129839071
1299,32542383639
1405,32661279017
1437,83241351891
1390,65542970647
1377,33210076193
1399,87273470604
1406,45198426994
1341,71867469927
1313,36293998834
1355,77864877534
1335,22665578165
1447,71889890903
1438,73894202539
1377,96379293816
1315,48968038349
1360,19774234639
1469,99961044211
1370,74233994388
1412,70701996307
1491,53886215963
1655,08464045147
1694,66518002165
1730,02861528864
1869,60212533996
1850,84255981019
1865,77963714384
1862,82312402968
2032,51436168538
2025,79137150989
2186,96343473259
2279,92399356138
2286,03613033836
2258,18136913543
2344,14769516743
2466,60333814817
2560,31879436947
2520,79297819435
2598,62313364009
2690,40041085295
2676,46001406259
2688,00938103013
2742,64875964906
2841,38295138692
2858,52611389613
2870,45217759202
2934,59446693519
2941,4375676009
2958,44311269635
3046,78455056231
3068,91188630541
3111,02949503019
3153,93625383728
3170,21161043039
3177,51556025441
3227,00222304529
3297,14370365084
3323,53375733696
3327,07218831213
3296,03020843045
3346,70114284246
3331,05895352096
3343,7861810102
3379,68846884541
3378,13544817703
3366,547373901
3391,005199607
3402,26068309353
3400,65226321437
3412,44780467397
3419,64015602415
3425,82376301373
3427,13732441698
3432,68857653061
3432,6653590414
3432,6653590414
3429,0460022663
3423,04486014687
3413,49985454785
3415,45161230315
3402,55324435018
3390,21009987919
3362,39340067841
3333,772345673
3352,19703460382
3373,86855964897
3352,79936240427
3312,95089424148
3337,90065335832
3356,07425106544
3371,35148236908
3398,39806387052
3429,55416962428
3369,7099220295
3376,74304558967
3342,38983063176
3344,60357417977
3360,103327575
3295,01612657486
3312,78954226486
3229,54792720077
3248,02072770336
3312,59188299803
3379,04927496307
3352,43116155101
3319,40814546654
3381,30044900947
3414,99392170859
3410,24756098159
3305,56235376334
3284,7588969834
3200,13164431906
3275,94923471955
3271,88645878317
3195,78257398334
3182,22717159382
3233,9842223471
3118,81785277557
2967,29939749283
2879,69616079316
2803,35504269942
2875,16557599342
2814,71470284328
2917,36790148493
2978,20627433872
2936,42041673494
2742,61383909071
2674,15457177039
2594,06903353616
2529,33283740456
2483,60357058514
2545,73417568437
2406,05027206636
2503,33803730539
2418,29739532503
2337,42494530819
2387,48929095617
2410,57038855113
2423,06043401093
2450,92597752201
2398,6566284423
2425,15152467357
2339,57920853588
2297,02679253715
2252,38588951695
2278,18078425032
2207,8073526307
2227,60938385148
2210,03725321499
2246,75246962213
2282,31604288924
2195,55518028082
2114,19896531096
2029,02611246529
1990,61091566245
1996,4794848679
1960,8313469343
1983,62107525338
1950,07403123065
1983,6091968244
2008,89927069102
2010,16253164846
2010,54361041083
2039,28987637651
2055,22161584944
2056,17357205123
2058,67599260037
2038,77468987497
2031,85273315341
2032,18343476624
2037,35557050358
2041,34108896243
2044,39398106727
2038,39956794865
2040,36494859176
2040,36494859176
2042,34105095339
2041,17221907022
2045,12655904308
2056,01912752167
2051,9291136786
2058,83715951985
2077,64380156064
2107,52964523003
2102,04468523434
2107,81000456578
2105,99941998739
2140,89680321221
2129,27062959395
2099,23401968965
2143,50172487698
2170,49122674134
2131,50940014772
2104,69990812759
2068,23499284137
2044,89598484938
2059,51904791347
2038,36444657778
2074,67549189603
2150,79166498724
2143,03361050181
2155,51030288241
2200,63886716619
2207,22261313909
2304,70512780692
2335,83076443254
2313,93047441334
2423,93557799306
2393,16555513756
2383,89371216404
2472,74098998268
2478,01896045861
2537,7399905455
2482,91031935835
2476,87313866246
2531,96040863505
2537,67763917934
2658,34107438398
2742,01166686099
2764,80299490988
2890,84190153351
2916,27992854057
3081,63999805676
3150,30192865576
3041,09966547577
3115,23633602151
3009,49784130002
3165,55674566885
3138,70935520917
3066,47709827799
3013,32936478654
3017,51241998817
2937,90603227518
2970,4352251813
2877,49060017424
2997,7394037117
2946,42000089512
2996,58257540119
3140,15240296617
3092,08088023554
3143,04414655931
3106,67421466199
3060,1368387696
3121,12125016876
3229,76149836488
3195,10104367691
3268,53568648162
3288,47053705997
3394,43893802019
3416,26338050564
3467,64848633131
3522,77266033495
3481,29664811589
3557,5258029237
3627,46645244745
3665,52228338342
3625,02971683602
3677,74784273661
3694,69413702799
3718,02670644132
3708,00570077077
3718,55910344466
3721,73446480191
3758,90686906823
3790,97801166762
3787,13749260639
3784,22801671784
3778,80579254832
3802,48163245324
3788,4298145028
3806,08669681013
3815,20459025838
3808,04331956843
3804,14705510817
3803,1787027046
3803,1787027046
3799,25849798026
3793,90569316871
3788,4050080521
3772,55786301929
3772,33338120744
3756,50075774737
3749,79218335049
3761,67433728728
3742,2405816707
3717,0436369342
3723,83818697884
3725,32134902352
3702,75280870849
3663,69322777637
3654,37474650367
3595,96846579796
3567,9478953894
3600,01616570093
3582,6416495287
3531,78596174521
3544,18415025146
3561,83509963575
3504,04384408669
3513,7335245811
3427,19515191428
3387,26334618742
3378,25585620508
3346,12828668008
3376,89240013589
3319,77696776864
3317,60108459927
3378,32546279613
3299,26326781328
3309,34394121232
3366,02453989816
3307,49254064797
3247,93533197824
3242,39777151793
3090,35431416666
3162,51311010835
3157,60722959712
3230,99812949886
3311,26695242788
3158,89119374328
3225,11045521363
3055,92175303656
2946,22182757138
3019,79009971348
3018,21857690504
2823,751790076
2864,82475266569
2722,42659409084
2638,67699919318
2527,98906506113
2481,25478069244
2370,34008817781
2277,64071724789
2314,14444028201
2355,36775064848
2366,80100389737
2431,00321212849
2463,98251099995
2473,91357792481
2459,05913190164
2526,41801722684
2486,15544376399
2369,03510173831
2438,25442064919
2464,20972190844
2457,88171685612
2493,50007888856
2389,42646399691
2433,74543719782
2381,77456569605
2338,67037854691
2280,30011386736
2189,12957652114
2183,78702887473
2208,91237327201
2175,97826900034
2191,69211859949
2136,16863888025
2088,37996578979
2029,60727435164
2064,69852316151
2077,13957208373
2073,72834020412
2092,12585090665
2067,66051873698
2081,81822180423
2072,16725002386
2069,70471445364
2077,99719030354
2085,70626657088
2070,48903866712
2072,96735126346
2079,52410547525
2073,47360371233
2070,90433339276
2070,90433339276
2070,92200583132
2068,73779767786
2072,69213322955
2066,67746718054
2056,70314431856
2075,14154449512
2092,59705416327
2079,49012451818
2060,61059192
2078,98225668733
2079,12349700887
2121,26451185628
2132,10046676849
2123,87446008169
2156,99873287016
2218,16724592846
2219,41708721938
2288,36534699479
2361,77663040765
2441,7700209678
2424,14550290449
2468,72292011488
2491,55845211612
2452,33743613489
2426,33733890575
2502,79253949951
2468,82809316144
2435,72432411933
2549,75034103624
2494,62476052466
2449,01242035302
2432,30471412032
2535,98485573939
2472,12142661554
2486,00033013951
2514,53259375213
2478,74668009483
2616,64512234472
2615,63361176086
2628,4075535072
2598,61760479855
2597,81021512086
2565,37829195958
2718,1053594491
2783,98785264603
2779,53892930128
2891,56856920736
2812,16044711366
2790,97629904364
2784,13787064372
2908,42274090108
3059,53663188756
3207,42800120722
3178,20755551076
3221,77086110085
3305,55605652777
3371,68799023166
3465,37884434116
3415,14500902255
3417,31227335097
3398,86586584731
3369,10213922425
3425,08325533172
3464,43081521188
3501,43032709128
3521,81723552393
3604,19815924735
3638,83326309716
3746,95195945303
3864,17989862532
3933,35623907025
3977,07618482088
4084,97101262927
4134,55811926394
4104,26771501762
4047,39711797731
4034,04840828983
4021,38059079338
4000,30411577984
4070,64975354385
4025,60075868107
3998,79248103108
4006,45645807164
3987,21838136986
4004,26437291217
4028,73301270042
4008,44917775488
4029,27893727444
4048,94044095209
4082,01085540261
4086,91502418765
4115,02078334159
4126,67210455735
4134,58826703475
4152,8685014155
4145,12432214968
4144,30935220174
4143,27086512673
4145,10610841489
4145,10610841489
4145,90167292407
4143,04474593989
4137,43139786563
4122,21483151196
4121,61358616986
4130,01466880497
4120,64853973567
4120,08248978112
4116,4570298793
4091,76186659176
4062,22566232151
4053,22624201869
4050,04128519727
4043,94596951973
4011,9009957123
3997,29060414232
3954,73197606146
3905,78107819677
3926,67464392496
3903,33190639584
3856,46396205335
3781,64027967976
3733,4650157708
3658,95409831989
3673,80455091567
3686,22810261576
3744,49192957603
3663,1092194255
3679,08975400919
3614,12281269306
3546,89277345374
3540,1238765013
3509,95304399223
3420,48443997077
3375,58893451224
3276,83324745746
3229,3267651728
3232,42081963402
3299,51938048392
3345,40200502714
3222,38156958184
3274,58820094549
3189,31987397322
3286,21025271853
3123,81059687799
3119,34575480304
3205,2188509347
3120,62210225119
3140,52026162916
2974,80215665679
2963,51927189767
2858,55743819892
2730,0991473338
2826,70781605109
2657,02798686075
2637,38357962546
2682,09306927458
2616,34216951557
2553,8543393099
2531,29247225601
2610,78043135273
2672,10219393042
2685,87782700708
2650,69027111879
2567,53234112129
2611,2042442251
2627,93710731972
2577,24591692222
2542,88297976091
2461,07874551242
2431,24315135294
2444,70276487763
2372,02022265643
2281,72002321077
2337,61110381931
2345,7856238597
2305,62335791104
2239,26658314991
2200,03272139357
2214,96174285587
2171,34006952389
2193,72496921984
2126,88938421033
2072,12813777184
2023,71371379742
2048,42430721056
2053,64642318601
2081,92384740203
2043,43082477796
2062,883829896
2066,09942880743
2060,07682815682
2062,00966159645
2054,85675173534
2056,23914547052
2056,43998374587
2056,97337918215
2057,80097348736
2057,53987561536
2057,53987561536
2058,89060156889
2060,86606341268
2057,49446647162
2060,9979649485
2053,13474258982
2056,19291153074
2064,62201638921
2072,18596034803
2052,65420184985
2031,87600441383
2060,72952621128
2078,37649874611
2073,21810726915
2090,32674271535
2061,63952059561
2027,77163255241
2028,46151651016
2054,5306392741
2058,81814128813
2106,0814848157
2138,23284750722
2089,71590659661
2124,31075063399
2219,22752643228
2251,1908526983
2255,31840741118
2253,9969752198
2305,90056100725
2321,6926920284
2255,93764302615
2202,65745493446
2205,61984296255
2306,06619670226
2397,45950394713
2323,98904662169
2358,52970106309
2395,28570600193
2365,12906410895
2421,26185922197
2424,09882798795
2364,60154542653
2394,03757585121
2518,89929188513
2495,85816021257
2622,52659430099
2513,2388647521
2434,90369963408
2570,1025244663
2739,87867607692
2776,27477898051
2682,4537889939
2765,5514866065
2788,08658099625
2742,5960827996
2772,15232796713
2690,01288244669
2671,71828707182
2677,31715913327
2603,55580970661
2664,51080570989
2571,1432817239
2536,15477553725
2681,87590194357
2762,69407099536
2886,09775806986
2987,62118757573
3062,94686413954
3079,60821667444
3040,53316932904
3007,17439818679
2962,35519641896
2926,5310542815
2977,1660712594
2982,51284631309
2973,04717385109
3036,25742662151
2993,61991489269
2954,1874797142
2952,11874363651
2955,60083964709
3002,80907515679
2963,55718637982
2970,06965466536
2976,17888191425
3031,95571319645
3033,82411238896
3005,70540630114
3041,27251344233
3041,42677083119
3036,61068737907
3035,30301162754
3044,65867738419
3062,34779968818
3061,10089274919
3074,85224209858
3085,78576444582
3081,85893570979
3082,47988821122
3081,04336673367
3081,04336673367
3081,10024408786
3085,00116822766
3077,13195535928
3078,83957775851
3089,8332629365
3071,4532995471
3062,40499913916
3047,72035522298
3012,8779303972
2992,32393963985
2996,69495547483
2973,50456488165
2993,02303927178
2968,44917135743
2975,3519227673
2928,30655262559
2912,77281429766
2916,48946899421
2951,17529104686
2902,91259497427
2952,66568219953
2999,33200725025
3012,3661456404
3065,01370640146
3097,4012252341
3018,53619420609
2968,81250755005
2921,97346287238
2979,36503814205
2986,63716107617
2993,27937796399
2876,67412184098
2931,95541401503
2961,73836019902
2967,20032763071
2935,41078895973
2947,66962615608
3010,43113945053
3025,13581937231
2948,26682541345
2939,51873088382
2945,24733748382
2866,72915642835
2860,01218140237
2893,24905634282
2826,33170254674
2900,7434616476
2769,06933025842
2707,33884173898
2730,31648634593
2609,39951647957
2685,73630068122
2605,93647244662
2497,34211847509
2437,82460376593
2315,4344408759
2180,40108065474
2182,75975485796
2131,15657856089
2022,61825095052
2113,37227485281
1971,15359348913
1946,99668152993
1934,84735128527
2003,26226686204
1997,61279441789
2054,97458549392
2013,69248705026
1938,71834455892
1837,27624511554
1845,61438481771
1738,74097015463
1655,95226013397
1635,75606663886
1552,90143804666
1565,27514498628
1576,04549303466
1577,48226209687
1519,31525694546
1480,38416303339
1505,5592447046
1433,75754698857
1460,02831074559
1401,74039461246
1365,82169937501
1379,63793452067
1410,62004072043
1377,74724397144
1385,66220854933
1369,24256292304
1370,10913137742
1376,88345719542
1353,35041990603
1367,31261718874
1376,63303331762
1373,01575257192
1365,52722602259
1369,35418004121
1367,43951685104
1367,43951685104
1370,27001632371
1375,67802427507
1387,53085167646
1395,17855046241
1385,71239358601
1402,58260035001
1396,70139616574
1384,84479943702
1372,66797739149
1375,83482363477
1375,18304230532
1415,34508110477
1401,33548617313
1445,01140275868
1468,43390085605
1495,77336753
1479,2987072878
1442,52260517707
1485,4612936157
1480,14223360798
1462,78046860675
1515,85268810533
1503,26890309642
1505,75981245048
1533,78403116994
1514,67998837096
1463,69279834837
1503,47267674034
1580,77121881505
1660,40749861765
1727,98684609755
1761,00442198487
1824,80039027258
1776,6026029705
1698,55884504288
1745,39982679104
1734,07284146494
1719,63615052943
1745,96052044944
1774,41506523043
1887,34045060879
1931,82797830022
1832,20223513478
1776,78872453756
1725,43059221647
1809,08227674303
1962,30435689198
2033,44977643333
2165,84456763576
2340,29177954508
2364,78890980258
2518,07285007595
2567,4825060041
2651,95877878813
2605,72111980212
2633,52500372078
2651,60176824312
2758,54111709116
2802,51370926392
2781,52550917078
2875,30064825755
2918,50202840906
2889,65764755311
2982,47821336094
3043,34125139459
3069,7393759132
3015,76005722273
3113,6788423993
3110,48411173936
3045,74942350543
3095,91073809783
3122,06771302319
3207,97937842569
3212,86544571037
3182,38231163322
3181,84184679362
3251,90182159389
3324,034137401
3313,92970535397
3380,79566827043
3432,43821011168
3444,52826440209
3489,9455712007
3514,02635311876
3529,54475342442
3546,07107964813
3550,42758648918
3577,27601978316
3587,41497382419
3608,39398423339
3596,71756797652
3616,88804029491
3639,72464383715
3640,27580724632
3628,64249534897
3622,82220572699
3615,64304763546
3618,64799095925
3620,31178434915
3620,31178434915
3619,13910413791
3623,40102849984
3614,34631850046
3616,00369208008
3601,58116781673
3615,51577602266
3605,60587737299
3613,96136354634
3588,99088811622
3605,79329107114
3565,03027402024
3570,40079891048
3590,61406641053
3592,61744832164
3598,64344573032
3538,66626734932
3489,08946044458
3472,36442620957
3496,71985489983
3430,27948014432
3420,4097677188
3403,45563895602
3437,80313837947
3456,37326252254
3445,66255786496
3381,71823785757
3422,52401691606
3336,77915614805
3273,25974640122
3292,89533128258
3201,65398436936
3250,93871645989
3294,42614748218
3337,74565698846
3242,81582908091
3258,05596112332
3137,21188264135
2985,31693366715
2885,40562410978
2938,4210736733
2781,91416312172
2793,56096010541
2868,55632805589
2948,58495799069
2924,62422676562
2946,20682394421
2774,30886804829
2756,68013442302
2657,40071916012
2734,52506168602
2812,46363872348
2891,15112034825
2974,52597095488
2799,28150507439
2716,03105511182
2681,69633831535
2767,12960530888
2691,1096871126
2580,89503687028
2618,37308808824
2664,13742568015
2672,43300575746
2684,11529352633
2698,70145456991
2577,19889829177
2505,34466122116
2506,82204151285
2420,43493430299
2378,51757617374
2317,60167088955
2319,43426412317
2297,56702744363
2234,71078272327
2193,55699203124
2190,67651484174
2126,44328439684
2117,50495305504
2146,71320761084
2078,05147344677
2060,63327536724
1992,39190016891
1925,15133023986
1938,91259415657
1935,0453849408
1948,01651629955
1911,62210180034
1894,65509285938
1878,07405808254
1880,12048376841
1892,48645519413
1884,648889511
1878,94085989545
1868,04673123361
1848,83399099336
1856,31722007706
1852,07832325961
1840,61908113501
1834,70787207126
1833,43171561725
1833,43171561725
1831,72389666984
1831,66725259892
1826,02317319308
1837,96425827944
1843,54319920071
1845,94632792489
1851,27949362997
1870,87480263136
1897,44180177033
1896,8316296883
1918,87609039492
1958,06665753259
1984,338919845
2026,02752550748
2022,5161621504
2014,747451313
2054,50032428694
2103,85272767872
2139,64464227205
2193,82826164003
2151,03734206847
2106,3456657387
2127,38149586067
2185,92559178859
2232,44714914693
2178,5512555205
2180,1526592572
2115,25420534315
2046,97570352469
2035,48059757104
2088,2153836743
2196,61828240594
2298,27156905302
2309,913487401
2340,69565769056
2477,34299369926
2402,01597095635
2426,75818258466
2496,16381394796
2486,72137693554
2588,51647172594
2490,48778628264
2426,67466253837
2380,75432699916
2461,61714041084
2539,63764115555
2440,97464677736
2326,91213721731
2493,16185151392
2390,64704461072
2380,54625134232
2463,05662063986
2431,08247899184
2582,66372721244
2717,653196973
2712,50009440728
2826,08884604037
2822,87970619335
2804,16827637225
2737,1755991144
2860,86416995491
2941,66791872012
3086,07103192716
3171,40159080187
3199,14642292258
3123,30096805063
3120,49974018135
3083,66532924644
3100,39494692627
3168,72684046548
3280,64334741264
3308,36287520805
3392,81716557369
3485,49484944934
3547,33378932929
3557,1523371102
3529,60340086631
3478,38841974623
3520,16911756106
3528,98530225725
3543,55602728964
3571,45252532337
3599,73123087796
3584,78141370824
3556,65820055485
3605,11900844998
3597,94521676057
3608,34655647666
3629,00299855815
3627,93798603934
3653,36395671245
3645,26521913207
3660,04029515164
3670,29582496317
3664,25256629151
3662,74345160664
3672,68199544543
3675,57698216791
3676,04023958185
3676,04023958185
3672,2977545788
3666,70100347711
3661,92201903961
3665,16786411012
3646,88011599019
3653,24274855314
3625,39656065171
3610,47208962704
3606,84511245323
3622,71933106236
3617,22841919121
3620,78451982214
3617,30433805683
3574,30348254549
3545,102825438
3547,47420460594
3506,93993548105
3458,6377767251
3418,76321157867
3359,56691942642
3377,54283558388
3393,00901456187
3382,71282190471
3425,85954131794
3418,89714571558
3386,32323747348
3351,10405223551
3305,82723114799
3333,75977392055
3388,71051901835
3272,92345635785
3319,54315324702
3322,67118051959
3356,04297251852
3326,29999933908
3231,35282399624
3126,37711150831
3007,05711206712
3064,41822152455
3028,02769284361
2967,02381399713
3036,04085579963
2917,18496326598
2843,19421241059
2709,47147399479
2644,96181583002
2720,94509342133
2549,62817863413
2591,22003715412
2427,67688086018
2269,41357862158
2205,58336031846
2070,50587905091
2056,8238755487
2142,47238556224
2111,57917204181
2015,83925635621
1983,05472284697
1843,51403989136
1744,45300184286
1604,33346860946
1620,20852721045
1542,59732714751
1604,94860972694
1565,95334080325
1577,72868957414
1606,10297272862
1589,81637414592
1601,04141265388
1623,88074296148
1632,75182837134
1617,00934193926
1524,75324271058
1464,02039463186
1479,84747927927
1450,90658669756
1373,03167539287
1361,7041919027
1319,90087441127
1293,42246842413
1229,35034541029
1220,47653972603
1205,59221844561
1230,75501012073
1176,45890106543
1164,12386100521
1150,34055193138
1124,1754570891
1135,20500735864
1138,38633330613
1136,03872223722
1110,82593201344
1120,09972552997
1104,36448367367
1084,63085417888
1082,58631998495
1080,47978688389
1080,25513978575
1082,60857562842
1082,60857562842
1084,00578377992
1079,83350282192
1077,89893543697
1092,16690879956
1105,1874812426
1120,7078144006
1111,77134517271
1096,8929328565
1110,98949065124
1106,51174657275
1118,24803358831
1112,8727117997
1104,40907740575
1089,2349479044
1115,16928863375
1086,70647161319
1144,40182621162
1175,55099215375
1184,29178046449
1211,15907367838
1264,75301747916
1214,7872067524
1202,94420728895
1277,12073127419
1349,68457141224
1359,51953108996
1326,64995030847
1341,75645743951
1298,45174609201
1279,18816603272
1395,13794463199
1419,44907548886
1497,78534723566
1576,96316647314
1560,66388662861
1668,88562869359
1734,57637881458
1757,21032466349
1756,18799576954
1724,06030095409
1880,80571298897
1788,60118965907
1950,7402460748
2114,42588769757
2165,28640127987
2252,90163648617
2347,66826795361
2422,56412594847
2501,6025929749
2572,60994307651
2662,64760402676
2555,32317230111
2483,15942224523
2550,28353415312
2672,38445274699
2807,62319655773
2774,73495968037
2694,59687499525
2771,42054906274
2877,06177735564
2921,09565847306
2995,41185197281
2974,79628156665
3000,30076062172
2916,76282294353
2882,74248605163
2963,05864708938
2955,14559618381
3009,28155838124
3046,84151854424
3061,77475718082
3034,81727980879
3109,25844061508
3077,8743423262
3055,26917832981
3146,69118966734
3100,26716006634
3097,26114492587
3054,23054348744
3099,90093193161
3157,32532572286
3148,62295451417
3124,03660827541
3162,52417280344
3197,17492833863
3225,33938711311
3235,75083854224
3241,21701711249
3222,62843011963
3245,40768848202
3279,85208687403
3296,32379026502
3320,90863553812
3308,01877124906
3325,02299320857
3338,49986124677
3335,28647313494
3333,617552232
3334,05115236698
3334,05115236698
3335,91106276545
3335,00891822344
3330,8373735143
3326,20029547876
3307,9697153434
3307,33967421993
3311,00063193021
3309,9926917715
3277,25890502318
3300,05752269852
3256,51346923807
3268,8316718273
3243,86466018253
3264,13623996644
3293,38283930224
3304,787784544
3270,18963438672
3240,81572241188
3246,2048144198
3246,08524157912
3251,9899847649
3278,32631431107
3268,3770893989
3249,71487198477
3291,63558035699
3347,58557783271
3258,73066329562
3172,16394009188
3086,52106623916
3065,33839131097
3134,84600642344
3042,54427714243
3040,71670518514
2906,70293475776
2866,1084988291
2732,68760486687
2617,80602928447
2476,27010226784
2490,51075644908
2455,3024678376
2547,30392096755
2481,22881834005
2498,58154328884
2426,94231602463
2397,06403277268
2364,5987692262
2475,07705829734
2474,10690646121
2553,96119440177
2374,02133184691
2405,91390010021
2382,85293940923
2398,76489014009
2424,64281623282
2528,44371347895
2560,67435376675
2656,18115043462
2659,55087481493
2738,9271911523
2679,44360870246
2763,20554176681
2658,35408079846
2572,05756994451
2440,94654948681
2354,2129225052
2415,91485033069
2451,69686083593
2378,82580821497
2315,30673629013
2314,30272806729
2374,7031858997
2304,78207774497
2202,13591002363
2145,94334198215
2066,20283170668
2017,34012562769
1938,69450009926
1920,13140607892
1953,05670783271
1886,69833440571
1861,668199835
1875,2568858553
1879,20877681189
1834,63599923972
1791,30697963392
1776,96239520617
1732,59585508769
1722,7977758294
1680,55194572497
1648,31287929169
1644,3757610252
1613,61228027903
1614,42938866579
1599,79355643494
1597,0181131349
1582,82232959812
1582,23745336413
1581,69110925425
1583,33131587996
1583,33131587996
1583,49298302396
1586,4853407972
1582,04066128788
1573,89056236869
1593,30561053553
1598,5413682562
1618,63164907295
1643,04936664544
1627,91070952709
1636,28351932479
1667,46333596421
1706,9131993285
1751,30128660952
1793,41337807878
1770,67250556772
1736,87407963317
1743,43454349797
1731,37681472123
1697,91755422741
1712,11013859217
1713,64518934379
1685,00608484866
1669,10301518752
1714,34338583087
1791,83241711288
1845,73544261238
1886,39449164793
1922,60820689174
2019,50776433028
2019,15562366878
2125,01726836051
2171,75105213996
2243,65036754219
2172,81668611877
2275,71102219099
2264,94093110978
2379,36807835296
2529,1311989972
2603,20132541806
2545,87734951539
2480,91112055411
2423,72923022682
2398,44320858942
2363,61863332336
2516,73940936063
2443,49242707169
2575,44449452061
2466,05538855961
2446,33848836829
2535,08726098234
2428,84701032566
2406,98343812925
2342,71207358069
2335,14118006674
2427,26407154876
2341,98822782467
2425,34554587032
2577,69886811268
2503,28319898959
2445,93430637844
2577,90251973174
2713,61288188436
2694,14350989002
2753,73623220107
2811,99407521784
2765,4369706168
2713,99754161779
2745,83075504537
2794,10352678583
2815,64540815225
2784,01781279296
2773,41687630518
2760,06631872918
2813,38789229085
2792,11517966097
2740,86567264202
2698,4010985136
2691,0889693621
2654,55567063175
2679,65241189508
2680,50749365972
2736,27025879746
2772,85949552807
2784,87793639418
2787,06802936302
2755,63763307242
2746,15958883341
2792,15521705828
2828,22376007299
2836,3519663261
2837,62125961968
2864,52804791877
2862,74076464378
2848,50312445075
2855,42592465776
2862,36134492232
2855,38454429292
2852,53913984473
2855,87023487085
2855,87023487085
2851,93437463638
2849,32494409034
2854,82003481855
2856,66918593155
2865,76133932292
2860,77145975641
2833,22376656664
2849,21345669013
2847,29626824488
2813,28499948293
2806,0901355578
2772,04550327251
2740,58460589302
2697,05890217063
2688,55873472791
2649,7798724302
2589,23378020657
2549,53241629746
2579,77906823632
2606,90082174041
2562,47173655036
2555,62842095998
2517,62008663752
2519,3863924873
2505,02507611449
2449,03927414205
2391,77160076116
2340,54050082627
2404,11326639881
2400,42072781903
2326,27374233672
2401,69579886799
2433,17504975515
2490,56262970351
2494,33262572807
2532,72382941913
2438,2236413601
2432,85343644621
2290,40451814421
2173,7135318291
2196,77403967715
2101,04451611761
1940,25075448651
1924,22514926988
1842,88607953958
1703,157120724
1534,45302962216
1401,84482824143
1214,38360114581
1081,73121311112
905,498781719011
718,080835930854
797,883476614339
758,006579051356
789,313657779486
760,354939005689
804,113015347772
864,307331787565
883,913191169087
780,45915150254
708,735879551962
674,891831819197
709,352699897696
654,230717156003
616,292575283857
607,36769556858
482,725359876978
557,574593980226
483,416902669248
370,285618808067
432,225025265023
474,545073591613
492,618883321722
392,794612625239
304,613606541889
273,893295300143
246,825781830226
263,075819259824
306,85652526452
