3830,09290379476
3778,81320773103
3816,39891524631
3847,05099313383
3825,89718363522
3873,23308924829
3890,02270471771
3958,34224708767
4006,346701177
3968,1004106198
3908,57497312993
3957,04055637449
3970,50270124828
3974,96338340685
3947,25352262485
4004,9423848395
3949,73092504299
3931,97153279184
4005,85344920673
3947,50181168667
4019,86530871124
4069,41216865993
4031,10555048618
3995,83658671744
3975,77411418118
4046,41082977709
3992,41444950104
4062,73813803342
4024,93050895395
4088,04988037704
4074,00204097107
4048,4891842578
4121,5536614375
4154,11221432225
4225,80677842992
4261,5808637727
4289,27353409551
4230,45707018602
4226,41111490615
4263,87642812164
4312,64083479188
4345,10394414193
4416,47693981718
4458,58282482186
4526,03625064531
4545,19026253148
4516,35186153294
4544,55952422906
4498,9907081048
4499,03870793946
4547,40326709924
4607,40340743559
4606,81429566667
4547,43347318258
4621,9960187152
4694,1812445755
4676,1387931165
4641,35086271043
4667,01424936159
4734,78535191379
4793,91310724146
4762,35403195133
4834,55792146947
4891,76620213863
4843,98307637963
4916,8580249077
4901,36091917351
4955,53539284297
4911,69091978189
4982,44847168329
4961,21392475963
4963,94401993786
4944,60103468718
4904,26933440579
4924,28070444347
4942,85431881568
4950,22265964664
5018,16788216036
5072,86526952538
5046,36458791157
4988,98283465252
4999,20530071445
4990,20032536248
4943,33890791672
5019,7447728411
5036,10352578857
5002,69488464701
5013,9094454953
5010,45324778671
5009,62988004071
4982,56164671973
5015,4436465611
4989,43779804718
4978,4262636576
4990,87337651796
4953,06281986789
4935,80496326359
4926,4037547756
4892,52592765378
4875,95740106234
4895,89147232282
4904,0392748425
4892,3935911024
4950,38757304213
4914,09924149704
4919,91698257621
4860,90656298255
4897,0275078281
4893,42205506443
4849,44482093185
4876,97531884395
4851,77231561941
4906,24174536031
4851,59475353155
4883,18168584871
4924,33132087082
4973,7483676261
5039,22269717754
5002,1246763934
5003,99167106207
4950,51332755504
4942,21920935075
4909,86545123154
4854,86518510378
4886,3126139931
4927,45425554805
4914,14466750535
4947,41512254226
4984,89370351419
4961,63174960838
5013,65352371878
4993,59693767205
4961,82881232436
4942,53404506134
4988,1519963118
4936,81848210134
4959,12925376051
5003,18356015868
5000,34488246792
4972,82879270279
5020,17659380109
5014,56943231848
5029,8952572932
4997,03546980258
4940,28351004249
4977,19157819505
4989,0802404839
4921,76493201953
4961,07636199849
4883,3151348556
4813,51115948684
4802,96353493489
4822,59969421783
4771,47641574567
4826,45798603373
4880,36353088001
4855,89727104916
4843,94745563341
4766,18657961776
4741,69153957706
4756,84463547396
4749,08068051053
4763,90690807901
4780,47308235917
4753,14823926573
4694,29718735828
4666,38476376719
4600,81805202682
4598,75184350123
4649,73294304206
4696,32524946068
4751,72484924166
4802,2267667913
4791,57735543399
4798,46292883552
4724,89917587717
4732,28915261677
4703,10137378196
4629,32515748745
4634,21206308725
4670,33269379303
4711,67728718448
4737,93420842752
4714,04170178065
4756,36625683697
4791,9728234466
4713,51459576446
4710,97482980274
4677,46083238975
4678,16940369465
4642,60097202966
4699,19078147001
4620,02485700418
4637,91118579354
4651,89862199216
4709,45794546486
4679,66514571554
4716,18353499853
4663,33777738425
4587,95071201769
4579,16134328542
4570,83418372126
4589,00256749196
4640,41644256581
4696,66489521352
4704,04127597531
4752,66984036782
4790,51972496347
4749,46163877354
4736,37567037548
4665,63275984751
4638,32915124871
4615,27419907286
4618,56256999008
4593,22493922116
4611,34192649803
4556,13693343761
4537,62447505147
4486,72853669931
4421,3470277569
4478,91210183451
4486,8673860919
4409,56743328812
4419,53552467261
4399,82262598808
4457,70895058648
4507,77068910551
4548,90045680986
4550,95521477096
4477,73886919382
4450,54465781923
4450,74098373798
4380,63293707121
4418,61210187832
4341,96074431853
4299,30483075292
4341,71802248886
4282,00512447488
4323,73860995925
4273,39034127229
4246,34852182416
4235,16597610673
4275,79547475828
4306,10002673515
4353,80615210338
4397,96145924738
4320,85929313715
4332,34842393657
4384,50447011949
4390,1588257077
4446,55482650574
4454,53245274934
4454,84307654893
4467,48094174894
4419,08474648794
4428,87312252953
4482,54947278767
4516,66612627761
4457,33024132314
4410,22711057692
4416,93264886594
4374,84610291424
4432,33061526079
4378,69320686846
4381,60670229309
4305,37221004971
4361,25906080532
4393,54284657796
4332,86108570772
4354,92155531185
4345,34962045278
4276,64991592832
4209,44769510974
4186,2527259608
4196,3591084752
4224,06986692644
4180,95034281302
4107,36601856414
4135,454892677
4094,86632582958
4138,37566753308
4141,12128440343
4064,61654736875
4059,24324823042
4101,49602146423
4129,34908485475
4125,11384776566
4151,72789895056
4109,54433845335
4102,00287833437
4104,59250334398
4132,67627656119
4057,72078040415
4066,11208691546
4019,63800501527
4058,41553028599
4035,89463060996
3985,92122375775
3974,0214009462
4032,4835600017
3973,46850533666
3903,15567146668
3928,25691461482
3936,82296537181
3914,82477729433
3918,1539525735
3934,01227823645
3882,07587360501
3938,43980985621
3939,2142543519
3909,32801544635
3832,18415323747
3870,6568820731
3924,3624008281
3958,00937616639
3947,84910037082
3899,19160956479
3924,01931171958
3903,26034430101
3938,11829003883
3904,78066222033
3889,50423880457
3826,06236408747
3749,55579442417
3733,95775909254
3684,34133967121
3632,14602029517
3553,10758379898
3595,54074662996
3599,92414620236
3552,14532493714
3587,99749152176
3639,36144136794
3597,04970792264
3638,96781579543
3670,6463887918
3632,71790654525
3623,98133718594
3666,05700313861
3658,09685165905
3629,11525325808
3596,48296564188
3617,50024173292
3600,48176448349
3535,98633650038
3576,56577363916
3597,41001887592
3653,10235374752
3620,06235574375
3663,64826215601
3669,1448297301
3645,28784795445
3651,14514139534
3599,96022881472
3547,3625588591
3546,94985820304
3539,74112031504
3529,10964363213
3481,40620343918
3421,05898696513
3383,96208556088
3451,79111876143
3433,44675123852
3503,7387974438
3462,12784395652
3404,17376764313
3375,56566810495
3330,39780786279
3394,47125519368
3444,72507065382
3484,58703904161
3516,7857592957
3560,36319680994
3573,49979148409
3608,11318545514
3683,41164527154
3679,84693089493
3627,61733623576
3673,97041151485
3645,64054836782
3627,4524665938
3650,7335441237
3710,82382998933
3782,45488733167
3821,00599884568
3886,78094367347
3877,29370145001
3917,74880194
3912,43217895852
3967,60811245889
3944,99399092281
4003,06420854435
4056,0272793593
4021,42825863391
4091,91201643176
4073,46560178952
4025,83740799028
3981,48834165255
4060,33371035491
4096,69449029336
4077,98526737745
4146,55942934405
4116,49043145892
4112,6787333622
4089,86499631771
4067,20039496068
4107,12807222136
4099,63561652677
4049,20453316029
4090,57760166962
4147,40214518616
4186,99629704328
4244,38186916261
4278,49905861006
4235,03805658549
4228,91297011586
4263,93015757386
4224,63529322512
4289,2279039832
4243,52989109397
4232,68645319747
4255,21197815668
4220,68994361008
4249,73210291924
4217,07732038436
4228,00690441765
4294,49641683814
4339,82574659392
4326,36121343186
4377,75704852201
4358,32116139974
4306,02751741001
4284,89346439247
4264,93554396785
4223,9046324342
4234,33333072547
4242,51727685915
4187,92556488324
4201,69183526267
4258,53427632644
4210,77132737766
4164,08610591855
4212,25095497549
4233,21548460667
4175,52275413439
4211,61365748924
4279,50663281116
4259,53252568819
4276,08325640954
4338,17382170268
4361,68720803768
4417,95871442089
4359,05965542377
4378,57490350426
4372,24098541413
4390,89214261197
4340,52489731951
4396,02583799792
4473,81231064154
4509,36676553887
4543,61279521306
4622,8256817734
4620,97956595057
4587,73026831808
4609,71923545921
4578,28979737511
4554,01082912181
4503,6099500971
4493,06668494971
4447,83249921064
4392,55396276831
4470,31160207014
4508,53788164376
4545,55356075314
4508,62037816952
4480,03510701937
4553,286873127
4508,22142755996
4541,14508327616
4614,01673081052
4690,55474425692
4698,01727324166
4723,93699610789
4776,7530274702
4833,83371817592
4855,9115686202
4888,83778213469
4929,89951418708
4921,79079045625
4875,86359526769
4911,89369004774
4924,3424380684
4874,70774103641
4946,41602430326
4903,95050404777
4901,24775309174
4852,1519425242
4860,31241799254
4934,21303845207
5008,63688510779
5064,81675748472
5031,48604259895
5096,76118368598
5061,29706573267
5135,9856304787
5195,52393005021
5251,71476648269
5201,89157615504
5184,2070066995
5125,7277538235
5167,71057838002
5137,33981916557
5214,51160221571
5197,78839824153
5182,45100585392
5226,35832359379
5171,91285321112
5198,58319291779
5159,07601576255
5139,71518123975
5217,29016990275
5241,1302766116
5237,91472046073
5235,68032336686
5295,23803367058
5312,69868318117
5333,863119699
5386,41546689273
5362,60682646772
5412,49369199504
5356,45063936079
5355,71318256003
5302,36299293226
5272,75412463711
5229,40302889301
5175,21008464285
5213,75074552547
5269,05637311239
5299,50362631097
5350,61490514344
5349,19668531939
5355,20908273999
5423,66494631565
5366,36434849648
5385,20402474106
5337,16197002547
5281,65873610957
5332,48412389889
5357,38010117662
5335,52227791656
5354,56182189964
5370,2851012723
5414,23156014841
5376,77309597692
5340,53549315805
5411,98075242898
5439,87335349893
5470,07765784397
5538,00886033476
5537,69267225065
5503,92000483531
5457,96086808572
5517,89130855719
5594,68254465362
5543,8971199905
5615,35053319081
5572,04561012427
5572,56178333543
5550,63623385068
5527,38470346545
5587,83443197973
5531,16979482172
5527,83722685549
5495,22653067262
5552,76053668128
5580,48551778332
5585,73365081834
5664,10327431937
5705,57972166947
5747,23449631465
5775,60943971649
5844,37763911876
5809,62809560337
5854,96906663522
5876,84873460179
5820,38006030972
5780,09212315552
5845,08439158326
5855,12638274353
5900,36708328424
5941,44603409872
5898,17768957847
5886,25322668639
5895,62589550187
5905,02653108678
5947,53271946103
5988,28033227859
6023,19507295414
6004,21629860262
6082,10347461612
6096,15866420146
6118,41873539538
6124,3812251158
6093,31265253169
6071,88909464138
6074,18001914591
6126,08932947092
6046,91146840663
6070,29923752895
6005,63554159628
5940,19681165935
5948,52106039809
5874,80558015164
5830,02437794116
5832,13614127232
5889,18306058235
5894,61830178956
5891,09739205851
5941,48881780053
5899,09704687032
5928,12537774822
5963,59091660641
6008,4509032259
6011,31713151993
6005,1339889621
5995,53983471149
5990,95261711206
6022,78039401992
6018,14322831023
6035,74008545174
5968,32512158822
5932,71152196113
5968,00853249058
5955,28974356842
5930,64833904647
5925,98035977035
5867,95819194892
5873,5825011244
5860,59616569923
5820,72739547618
5859,55430285519
5806,07794164963
5775,28513384298
5769,83786426943
5723,69144748137
5711,66241398624
5706,02156397701
5683,70823102245
5666,41986242329
5603,46143837714
5605,09480769983
5660,08052120455
5626,22124771877
5656,76391549723
5714,37414228188
5726,99112215871
5659,32857803038
5694,77102469875
5684,47203196793
5635,03993544031
5692,81261669137
5700,6013165324
5750,35827631613
5673,28566431687
5705,90773047689
5711,1561235884
5694,04573347142
5721,77568615031
5741,94405682941
5761,00525246514
5743,06583653347
5737,65631499591
5699,39751990577
5744,59508716808
5701,91511695362
5756,86910116434
5731,06056316805
5775,82245685897
5776,96486868289
5744,6909643033
5736,59243606338
5678,73711893742
5672,7797410231
5670,9633710333
5671,46695349434
5659,37444449373
5663,00637936359
5711,88189025124
5767,80949546388
5763,31632992873
5706,0419878578
5688,82220713367
5653,40485911043
5645,34202201541
5697,91432360556
5679,16093971541
5659,98934705276
5669,90659933998
5666,12662935449
5668,93940885967
5610,38802550192
5616,01005789172
5653,97000216598
5623,00669894228
5545,7387126031
5550,92639303809
5566,63964252297
5570,75266460457
5497,32952848884
5509,15107501631
5496,21695894572
5468,46091168861
5475,25417875278
5435,57227572686
5357,87615553377
5340,39885143768
5272,2783326927
5286,74889575073
5302,07386050935
5277,46419189845
5297,1540436927
5310,85295024368
5289,4259636474
5236,1909264029
5202,6301170013
5206,50347997737
5190,97344259311
5160,52004254913
5177,63321370707
5107,29316151109
5030,87457601487
5021,37362133775
4977,78636585352
4945,69777102475
5000,47916593052
4984,8496560775
5015,5256917074
4941,82607643391
4898,30824586484
4930,77017469833
4890,8609896716
4903,25828365668
4855,5526348369
4812,50665092026
4834,17256922655
4778,88061672863
4759,13420746063
4746,23593345575
4739,47888552187
4787,39937204746
4730,94369655985
4786,08193635292
4829,41520417548
4769,15691403167
4824,88061119564
4842,69742686427
4773,42623873773
4778,33277571403
4745,72486986207
4687,74154413852
4691,30721935598
4693,23523218428
4719,65117811209
4763,24144349584
4772,84785651734
4828,79702313281
4827,1248418545
4858,91816311465
4893,54219164864
4908,9422663436
4892,65757816502
4885,63108730858
4880,95018846027
4866,62952878821
4831,74211915663
4853,81886526189
4873,84547154598
4885,09512379071
4932,8082170723
4877,37125202425
4830,42482908369
4787,00589174731
4802,31800649423
4769,78095930525
4759,4832251172
4801,51551375236
4827,88114186278
4858,64073084604
4869,05861022373
4885,38498715748
4883,10198953985
4827,1073101494
4770,16909293838
4694,68780066105
4741,08474978762
4773,63973542286
4728,53231746169
4768,7548550166
4775,35655123897
4820,44907343595
4872,33911283423
4824,98149320249
4879,19116140306
4824,07954025272
4773,96291987224
4761,31651228355
4758,48289705742
4782,06150044317
4768,67997871185
4748,90946207517
4745,73708690504
4670,50944927638
4648,42597685215
4591,46987197058
4632,06169964376
4639,00504508009
4645,43589876752
4605,33707882526
4643,91437075749
4683,0691587427
4663,70886253831
4626,37387356086
4600,29124685577
4594,25612890825
4604,78199444934
4618,30895977482
4614,80321843401
4538,62065921939
4501,15222393123
4519,31770307911
4466,26058469818
4474,88099808101
4424,11973293131
4374,36086922156
4301,01158345631
4248,57736401194
4227,67767084654
4249,15757203435
4171,40712318076
4196,89319636994
4149,95705661362
4191,69235025611
4141,36821365513
4219,02705907776
4201,89342540311
4184,34093122573
4241,92117989618
4305,78905546376
4363,43769330226
4401,3687666931
4427,97517122141
4419,665144733
4486,44195146693
4512,0894733733
4469,31704975633
4518,37120246998
4548,67404901826
4615,0465556537
4593,93138732944
4567,99000547639
4577,15554739216
4613,87210560211
4602,8669258593
4592,81138061677
4671,78902773735
4648,87909196731
4697,48331766458
4716,59511732245
4709,60835118294
4754,21234594388
4719,46373748568
4710,05763222
4695,81756655863
4663,33204091216
4633,85840595414
4588,46374004076
4563,33565137039
4556,58078625639
4629,97891821432
4660,94193009238
4676,77755626234
4662,1064674119
4649,39241757588
4721,72132807864
4668,38585277478
4617,61229316127
4660,24791028828
4675,86443661519
4667,69020705376
4723,50520878262
4726,34488717948
4751,92480379339
4732,34940275659
4710,7965130968
4721,93839797375
4708,51508034324
4757,3191704868
4795,91650950532
4786,57748890416
4777,7818906716
4783,491443197
4741,69394479212
4807,02793499316
4834,8013438167
4802,8519315379
4843,70377167766
4811,26381430834
4891,23445218952
4916,24850591004
4918,02155028005
4938,84183500374
4950,10604668413
4943,97830726764
4956,52228342673
4923,6112057807
4926,12587774923
4899,71456584042
4889,61919154954
4962,74426467844
5010,28037178343
4985,55287078747
5014,64174560022
5093,87563541712
5077,58378574512
5060,08138834968
5139,22197275293
5105,84517978404
5156,89178633824
5205,70700374697
5161,91216525245
5183,41478870409
5132,7061943443
5090,2610058944
5058,48109598666
5114,96291180838
5087,17493030111
5062,91004586169
5078,39568488225
5036,19393628379
5080,20979181407
5125,95969471427
5088,29951025932
5035,97820645942
4982,78451846576
5015,68602236252
4957,42034725725
4935,55784704888
4949,58402502331
4952,35940172912
4991,1255816748
4957,67339576859
4901,92831155934
4882,03200868425
4838,75886406692
4891,85568326239
4881,05760779747
4836,52571027005
4818,98337554139
4863,9340180596
4815,76779778384
4824,68012660028
4860,27046962188
4835,64639935998
4808,15218455072
4759,48020832123
4775,14265209676
4816,4293154359
4798,98585773957
4774,4138658207
4769,0833754321
4785,75752978947
4781,02549529216
4857,32297005473
4807,27754751093
4833,97908225841
4786,81305075381
4746,37792029249
4752,51306083636
4740,30340110431
4720,31481933795
4698,02516476159
4646,01850222611
4678,51559793507
4705,99130871985
4690,53557152419
4683,92201611955
4693,77070541203
4647,9469702942
4697,16599201186
4740,25478284352
4747,08954395125
4713,77006373544
4789,9729972286
4766,80772982855
4751,60926439408
4725,86902397958
4712,81007331927
4753,05785315719
4783,56623985039
4751,32137114709
4763,34896134368
4749,84139322296
4766,06846846923
4714,47695697866
4774,92151233131
4764,63940435771
4777,90943214107
4754,38902959432
4784,32167903256
4857,84659973711
4911,8790099406
4921,60890273825
4935,46109690585
4974,30525633707
4948,92425031351
4996,98848557518
4948,38497566915
4945,29179658521
4920,26845521306
4900,66418488075
4888,33607479387
4912,90989230988
4905,24967227841
4980,1928177989
4975,06837139608
4921,578996131
4963,05825572603
4957,99086877051
4933,6841260659
4900,42722006814
4864,00845808629
4893,43379666257
4950,66179890216
4963,41957011885
4971,64493671695
4990,38034042827
5066,95138705287
5020,70202300823
5022,81850260814
5072,67169176725
5106,12892834755
5109,74691299244
5070,834577843
5133,57015966604
5172,49176638317
5178,21012010249
5165,25664604979
5160,73539595154
5199,66898017547
5242,34720586908
5210,72601779398
5227,14252256655
5189,38889152342
5267,15091463511
5324,56894516226
5292,88221328188
5369,0231830529
5413,39263961808
5389,68960524056
5428,82011502926
5415,48843029676
5425,12900290318
5495,77937018395
5506,54816551904
5574,61182404524
5621,35172722458
5659,03738080013
5611,18533399942
5606,94881751525
5618,08715774123
5674,05630015491
5731,57438496201
5803,41057988508
5816,29879255607
5818,89067193441
5810,35064595768
5867,75110874686
5819,48984000342
5794,18715598722
5774,64509042662
5745,64677988442
5694,81608744003
5632,16209106713
5605,90488120723
5569,97325688599
5548,44403264506
5577,83905972626
5540,31136542573
5530,00779435039
5566,42330602576
5549,60529742744
5522,21994861132
5456,75367089768
5422,80158586465
5372,8026189249
5340,31017777059
5356,95769472371
5387,10461345366
5430,11515186173
5446,98886265372
5422,90728966841
5466,14546827792
5408,9191831457
5417,92437298127
5406,2706783024
5332,77471718507
5261,02543068632
5219,79602951081
5184,212824653
5232,15827377613
5238,54037280126
5296,42213994936
5262,34024970901
5273,20618461967
5313,04454640627
5286,5646309343
5310,52264037101
5284,29262892077
5265,93181512595
5278,01367914677
5238,67918271975
5161,82861280247
5151,27205931175
5195,59449112303
5183,73296184639
5221,15034572834
5227,31125457553
5212,19134273575
5239,3170541708
5236,06895315743
5246,22959235973
5188,6527718737
5136,36187248228
5115,84891813148
5052,84844845666
5003,80994411363
4974,36926484311
5009,34907852641
5020,25145387288
4978,92889765041
4917,7938235308
4903,35125617839
4940,46097785721
4980,49728211504
4990,29087108573
4975,6060525056
5015,40571310809
5069,68477750648
5078,64485978086
5077,58211246579
5105,0906354818
5139,50720163505
5153,2162978841
5081,16898203789
5023,58939503952
5059,01564741461
5109,05216008846
5129,68586517017
5111,42733931608
5101,41047187681
5074,14802812233
5081,19022483993
5016,45617225973
5065,68815692593
5104,91483804998
5095,79995204033
5093,51631442714
5092,06820428467
5063,03587135534
5019,65420640989
5022,59881091891
5046,41783267558
4991,942701322
5048,90793354665
4989,22855380886
4987,60343117528
4957,89631781536
4891,90095609142
4882,34540549682
4844,63679996069
4815,48304601362
4868,9115282143
4804,5219266296
4807,27766060609
4775,13806435053
4772,81747154091
4789,92186588697
4804,27624041413
4758,98091657505
4807,60487116762
4742,53334394774
4761,98155866097
4732,01002556458
4670,53874437722
4618,4693553571
4641,67333394832
4597,38203024835
4606,95225936684
4610,90491809924
4651,03418991018
4682,49117815052
4605,52259991668
4565,63468282839
4554,26505419158
4526,98115507
4520,08000865117
4532,77353426571
4466,17272468105
4432,70121799908
4491,96286143826
4419,18628479782
4349,28391188815
4305,50261339429
4243,53530047626
4221,81264522104
4277,74128931004
4265,34723779901
4284,41157992203
4231,25634797907
4273,02778773616
4221,98632536548
4193,19213574901
4220,25099460513
4265,27232171282
4250,16380315654
4246,71717958837
4221,39297780645
4203,94228092113
4239,03337830632
4247,94618246515
4227,79723463477
4264,48880836576
4204,30339355222
4209,83046812463
4131,70753507489
4115,83282324757
4035,83513764936
3984,89808944282
3947,01463382086
3951,93765878302
3926,99443142255
3886,7078837737
3934,48399875522
3929,86927559127
3970,81525977273
4005,80221931254
4023,64352721425
4031,34985173184
4004,98437326168
3979,21445795764
4038,97023589302
4019,98914041556
4044,65471393645
4002,46886615756
4059,68257918473
4012,78669180478
4002,85036125819
3977,87022599851
3973,55824078133
3998,73653350805
3941,73243538091
3985,08329574721
3913,54750262738
3884,67141590764
3850,97136933402
3894,32541530315
3932,50254279119
3903,7598747405
3857,87768582714
3854,39448221325
3845,95374514626
3798,92416789612
3721,53505615496
3739,63992422895
3722,77198235168
3782,15086750786
3741,48937832633
3739,15476409213
3691,78114189849
3634,73116912168
3613,77127403103
3623,98905814811
3638,36618462501
3625,39925751993
3667,070947642
3726,47442216821
3785,46682960608
3790,34787077473
3794,60207781969
3748,15325563222
3718,5519494063
3667,27028282232
3620,77901971097
3609,39683517879
3621,98499048221
3585,13986787532
3589,79067685073
3596,77091493121
3598,02057695948
3569,18289170097
3498,30691385935
3442,55165425248
3379,53446770065
3381,39833490895
3316,9497648752
3311,16755147053
3292,47321210917
3319,83130510423
3297,07673237057
3222,22443072229
3215,69445985634
3188,47248677559
3242,38875462785
3163,05233057265
3092,79440909754
3087,08139905104
3015,78303567869
3012,5999460102
2986,90606862628
2918,64386968251
2878,00996556785
2952,40891181976
2896,35602400468
2854,31133600152
2812,11203183146
2826,88048271317
2826,04677187095
2776,97990293008
2745,90713632102
2693,71685275515
2759,77208082553
2736,6066726747
2688,76492884418
2734,70413903459
2787,24431330675
2801,06119402268
2871,73739370039
2902,98284473968
2883,26238017215
2837,91425227556
2874,53401143408
2817,2983053314
2764,70873865984
2842,44322237207
2797,59816720038
2867,83196712743
2940,81679872741
2885,77241581202
2910,56586256743
2963,18354025631
3006,85187911002
2954,09832901046
2900,44572974576
2868,81066601668
2894,52354508197
2897,48744262731
2898,4813266287
2926,21430686033
2901,02115602746
2975,52214183636
3053,43725016501
3113,37461024214
3107,55688371023
3082,9622577424
3111,67056548952
3132,38829296193
3128,24341908947
3168,88379904389
3220,17294862781
3299,30879085758
3309,64945367521
3328,2766078777
3371,30084873238
3368,96733124226
3312,79085192028
3289,77895557404
3312,58636353658
3325,07455098213
3297,74963830493
3338,07968948412
3335,48532213805
3297,11260970547
3284,27464246483
3334,43998364007
3381,68116844337
3442,40454724636
3411,16342281977
3405,63806835359
3418,61009107372
3468,06568118188
3437,92195144478
3397,33169064267
3347,30318312873
3347,69852029518
3410,15516497202
3378,12259124504
3327,36471403267
3340,17092004426
3372,4516711442
3314,00027792621
3288,24203422211
3270,37995218317
3342,68842790866
3355,86378358112
3377,09008952001
3406,18722873097
3437,00535775954
3405,97373545913
3430,251798262
3437,60783057083
3402,5884617458
3454,19310094518
3427,8501808447
3414,50283561577
3470,79704205542
3435,81614835924
3415,61954195873
3381,48364401026
3379,85436692361
3336,48638943046
3313,36049772955
3277,19359020106
3346,66766901345
3326,47036759484
3353,3992354867
3424,59351189648
3447,90422320268
3454,52338283161
3447,85578841709
3436,39772302303
3511,95705169903
3579,36984077066
3619,61548972391
3678,0957963821
3641,79578480394
3683,26951593778
3712,59779765857
3699,1869694922
3702,58174931285
3751,77763728042
3722,26699034323
3768,61875668569
3797,47749552944
3851,184127946
3803,50958740502
3848,71348911371
3817,38227920019
3872,9447841332
3824,45990588258
3851,44435895674
3916,31971296683
3990,34166907442
3932,11220241716
3941,85599225194
4010,35983743628
4066,74073325318
4106,73696054459
4139,8268409771
4096,28388588143
4158,59843772305
4226,97160079468
4194,88339321915
4228,83961768767
4288,99719526944
4354,9568244186
4375,59364767074
4432,98373176855
4424,87182634644
4493,87524778204
4485,51370579075
4470,37351414578
4450,59542628033
4475,36431241564
4537,8052469519
4585,48281664284
4625,17103180995
4697,85009681147
4746,87121706403
4785,21756279059
4791,40504554445
4741,85713421174
4686,02818613687
4759,65050175304
4814,55347489777
4824,19457435803
4810,66404466082
4843,12428309262
4803,41522759451
4812,99494185159
4863,37628534221
4909,97192011213
4980,85518201853
4940,36373928206
4911,43120094735
4878,65071655654
4877,92096864801
4883,15046126635
4833,5451226698
4777,45601555214
4727,66292949564
4775,67080081704
4763,16929740513
4763,67127330213
4708,46841390639
4686,0422634734
4671,78556881462
4643,29518582359
4665,89244840475
4625,08033174326
4702,91307628756
4758,74983043351
4814,16396869075
4780,87992980186
4750,69050671565
4747,13454339985
4757,5005441613
4698,62082431494
4751,65833299591
4766,45400321411
4763,02095196816
4705,2500859393
4718,07881367303
4688,9005833114
4710,54189527432
4747,11327733337
4759,74597374897
4716,12481770856
4750,28765721726
4819,11983084824
4818,7400868436
4843,27894845664
4807,31714868327
4859,51716029528
4828,72334031794
4858,45296888074
4840,99790139636
4880,46272287632
4887,58499871361
4890,76563146932
4938,51137662703
4980,26889940736
4963,54868767482
4909,91714166939
4955,26237078722
4981,4812811145
4977,96413186377
4921,12439685553
4879,90010043136
4886,44712495918
4924,46158536452
4934,72397347201
5006,99771504709
5086,89724845667
5033,1708355449
5099,43760724712
5130,97801634622
5188,80979908109
5194,46813250168
5149,27707863006
5116,74671662354
5166,69179700626
5208,58151983404
5131,85072938532
5075,09782674494
5085,94311682784
5012,97411339961
5020,15931923415
5012,12476193072
5038,03707330396
5084,33890231621
5020,89054885827
4987,42209657906
4914,28477334058
4892,89841374983
4839,90621844302
4830,5747649961
4884,71122271135
4810,76838223299
4769,12542625289
4778,71807816379
4821,00523429038
4780,29895483996
4735,52709765989
4659,07979610333
4642,89332559932
4612,45282830785
4605,91143664713
4584,33454486277
4566,74440114607
4544,82982815934
4507,97926259133
4507,11802687827
4480,76844969334
4424,75235988607
4424,66734370434
4358,08545571197
4408,88957317401
4346,58524206215
4313,49786192807
4327,20405446701
4313,76671416394
4251,26536286029
4285,69635332827
4265,46242354692
4276,8747469256
4235,26109853073
4270,56837089386
4255,75632821105
4248,21301724213
4215,31394646285
4210,68571823215
4166,62674361217
4087,0918089976
4023,10164196095
3987,46709830475
4010,5311389689
4040,23661953874
3966,82781125271
3962,39154078178
3900,84872892631
3851,80619340008
3874,58986069289
3865,73786288301
3852,35466922277
3822,52749114415
3851,92370225299
3810,60296871727
3794,22527882467
3787,57870535719
3834,91914344249
3866,80323846023
3826,24019916925
3860,96757818524
3782,44177588375
3801,77947091953
3733,12112515472
3746,31079042624
3752,76364677249
3792,23129036474
3739,95447263585
3768,32131024372
3729,32910074448
3719,65688128008
3771,70648714607
3825,49390857829
3759,4091706953
3714,48621719353
3723,07743730632
3683,82196973721
3646,42578461506
3656,25058743462
3654,97050653909
3575,54659648591
3500,38135875034
3468,62341443012
3446,90502860439
3473,70474226014
3498,01886385214
3485,59653114788
3526,95708234653
3500,76337921934
3542,11811882542
3502,82897844111
3477,55863449888
3481,39117003483
3415,09337269472
3400,55414733503
3421,91367400899
3419,12630780093
3447,25468558597
3417,71078566448
3457,44752124764
3507,95191428994
3527,63939877862
3503,09166771503
3487,88600709656
3408,15122273664
3444,86221280641
3387,97591979055
3423,14007921756
3457,07264894017
3502,1370912912
3496,66371893448
3449,78492824351
3484,58151016132
3455,84260183193
3420,96022816419
3421,43456960164
3394,14018278668
3420,75070591213
3378,26704278042
3398,04712433277
3391,66632673781
3450,30385041158
3442,96498487376
3466,20449684383
3505,57924710474
3458,3869499566
3440,29876432861
3361,86239552305
3304,07446438171
3240,10420138952
3274,00497105159
3275,3673135002
3322,27091582598
3306,77162221948
3311,76610203076
3256,99700272968
3308,05434629696
3288,74046740529
3293,44902152356
3228,68256686194
3157,73376222594
3079,22508947049
3072,26847665024
3047,31558713005
2987,36021277837
2940,52572536772
2927,99248932767
2870,70040144524
2852,00966267009
2821,75198339939
2814,81853604541
2815,43168708935
2749,32517103819
2731,67603980362
2749,1658151984
2771,61557633039
2819,10901703364
2739,69840721213
2758,5119720588
2722,05625920652
2720,77328460793
2729,31246011486
2655,6052066505
2700,50104130083
2747,08053822493
2691,29773058058
2690,75756040437
2713,92174342364
2651,40361699341
2649,30385925775
2635,18512385673
2602,18416672302
2619,18661346621
2606,45628640263
2556,4462291293
2528,96282917306
2506,2801183836
2456,00592424441
2429,80013763988
2444,92589356141
2370,05850175398
2302,42139785663
2254,24138311494
2235,63079089188
2171,05544658427
2092,8040808266
2092,25942269538
2041,24242240621
2029,23481846192
1950,69499326902
1992,50999773969
1930,88337854058
1905,34986440807
1928,23728409514
1882,73624311329
1862,73818719328
1877,28809464131
1895,70086355586
1938,80004835725
1860,9875111333
1861,14098427405
1850,9226198685
1772,65138993163
1814,53120270489
1808,63614599622
1844,68653361997
1778,15547970503
1748,4092996588
1734,02346409579
1675,08411692226
1641,09190595387
1614,8747413535
1638,08345273048
1652,67144675956
1687,4342299753
1622,55267807401
1667,28676439136
1692,07647935118
1612,19271781956
1540,40704652686
1532,97488675591
1553,20782970786
1534,15202588036
1513,23583247291
1559,82871017411
1536,10826509823
1575,69701375239
1549,56640863305
1544,36136551404
1520,76678691467
1517,00928246463
1492,2649070212
1519,67681255642
1578,6018893023
1573,20903644115
1648,09054077979
1663,88507215487
1725,04959366519
1721,00983063737
1670,5964816085
1620,70855658069
1647,23196300083
1648,04168842642
1594,15092896398
1591,86452497815
1575,85659886983
1564,62784824643
1608,05835944976
1559,42247386529
1585,21815187541
1527,80433576452
1508,82984899861
1480,06385029296
1440,33939953443
1483,25505350868
1515,09605764183
1514,76019512152
1532,3393815953
1574,57950382707
1626,58345289369
1645,2635729384
1671,09121376234
1648,15584281373
1726,48959853057
1774,81041884739
1772,83435449136
1745,62045144645
1815,07645385576
1846,32262149189
1898,67190295768
1928,31002196684
1930,5717651083
1987,639708774
1938,84102131186
1892,10164799453
1840,53745864915
1843,50268840487
1785,69788412922
1832,67239190297
1807,95818220729
1752,13399918849
1771,65059600568
1778,10800518287
1842,67947796391
1909,94823563376
1932,23891804565
1993,51873185184
1935,10751509345
1945,64042414801
1995,05638554462
2012,00465243869
1997,26805417205
1971,47203358424
1953,50576011161
2019,62938054447
2069,74064920085
2025,58103312067
2016,37288030068
2032,90962581192
1979,68446782775
2009,33554532907
1962,10031245467
1914,49733371124
1870,77035720496
1950,10548268915
2018,71522383239
2071,78984413938
2045,719066684
2042,20718577607
2091,96660922932
2130,84029617293
2100,55647879399
2140,93862018126
2121,73193980555
2139,4954002134
2093,40536800837
2077,57063397559
2078,50889081066
2051,91435851246
2011,09017809438
1957,84788055711
1927,71544523896
1949,41905630725
1923,73809068172
1900,47863102075
1872,60087209409
1850,17748272986
1891,53177903571
1963,63921130711
1947,77538942069
1976,76660193445
1944,46690532587
1935,37891097152
1883,29902924751
1826,359383383
1830,959497835
1780,6942405974
1757,36322135542
1722,39174469485
1777,64353908489
1749,78940823105
1778,47952525992
1837,62334325706
1811,69663638421
1839,53031822551
1797,08073325319
1794,45392014666
1765,84700496208
1770,24358511448
1812,10118463361
1791,98441345803
1750,76583227178
1718,95198284599
1683,76993222803
1690,4491102651
1730,02479912714
1765,05283215318
1758,83908074295
1821,92636353053
1828,75663296727
1863,08957100058
1827,03661068205
1827,97243544272
1805,57800263426
1802,02362206393
1766,65647142411
1804,13709541044
1766,06837809834
1706,23850595962
1657,50262995134
1622,04195621984
1576,17988535491
1541,24099657463
1539,95432471854
1600,49687146232
1602,11925652908
1666,76841272356
1743,87944085238
1688,13807770523
1730,81960191523
1710,35752171202
1757,06523475101
1762,0486595724
1817,33724435202
1866,94686043865
1915,05974748873
1948,07384265497
1935,08924638158
1962,12416441279
1989,61034385469
1971,81183504491
1994,77824738472
1971,2897407968
1978,78630708847
2015,48310718755
2025,80155142853
2021,53865805899
2005,71343327673
2034,67033350126
2077,10371434554
2091,4955057723
2126,83436939345
2169,38563833916
2138,54628483232
2158,97401807316
2158,78915382493
2210,09648734708
2175,16632739695
2223,87300659151
2301,83920044538
2271,91953519449
2326,44293989355
2356,27843967466
2304,39846783616
2375,45566863169
2365,74424408644
2421,91386753782
2456,90587514402
2454,79878566451
2515,13774129336
2535,81208975325
2492,17152852201
2512,83559930643
2562,56462495894
2583,64167225717
2568,5607692546
2605,0019458239
2647,59807039406
2693,14113275294
2713,69423569352
2734,04901358022
2697,33948375906
2716,07076257284
2737,03949797295
2795,3452155438
2754,43617792075
2720,95764508516
2743,78616983713
2686,20644076085
2704,30305103041
2656,95554880749
2692,88538942714
2707,00150050083
2680,81512946208
2743,18939451277
2805,37837390573
2773,35366722818
2804,2526462042
2872,27981947469
2822,75700154843
2834,96835153781
2812,30890091616
2770,4088408595
2758,74796193501
2834,84994481544
2819,25817277248
2897,73974507011
2925,86698391748
2983,76960888681
2946,65500079592
2905,28405519449
2871,32137634387
2836,31223753854
2832,20807463965
2858,02153265477
2850,86574376601
2917,61223379877
2923,16816939654
2914,91281637219
2858,56477331303
2845,65363945237
2876,79077239092
2820,56203794692
2803,51470333222
2766,77772762104
2727,83846971944
2743,13370369521
2744,86951223801
2695,44010933742
2694,30989963203
2709,15777015926
2655,24248859624
2655,49986211839
2642,97259775129
2563,51897360455
2564,7035948209
2596,81697846708
2638,06511063504
2630,65759727762
2620,40112063773
2572,06832454171
2603,94566710757
2546,89828312811
2497,02363009426
2483,76958251175
2478,29560008286
2435,11447885778
2414,79827173743
2402,25592183986
2406,95965095747
2457,34761158347
2408,67421760162
2448,94860112059
2506,40096403957
2520,51638376923
2536,40562753491
2582,32339043278
2534,13625718287
2575,30547526447
2578,3734322844
2628,92066428388
2669,15833287368
2619,51253206912
2652,18312429366
2643,81744761663
2636,18841185988
2621,89056476666
2673,5965179529
2656,29276716443
2690,37283692526
2730,51051632991
2693,24299792445
2663,16990769616
2699,33325828488
2690,97423874819
2612,27888361657
2564,32504869733
2529,06543128615
2562,38338113874
2565,3027376697
2504,88578544226
2506,59616565173
2501,04769581046
2507,177675407
2532,24759870314
2480,68062373469
2425,19986521229
2467,72951700619
2393,85270917968
2380,4345092552
2367,49435211415
2356,85006264451
2349,53826646765
2393,15512625182
2412,34513606985
2360,88590826881
2304,49307956942
2250,95019226938
2255,76976156131
2307,74978458311
2259,78157329829
2208,44625185171
2258,32475824669
2240,82399515473
2161,31724902956
2105,95042246205
2107,71432636665
2165,94504501482
2091,42224149845
2061,37858454668
2030,67689526858
2062,95502111919
2001,00429332396
2006,46849747583
1980,90326728341
1951,70555407726
1879,8794616898
1887,45886032817
1942,38888636343
1882,07855079886
1883,96723033579
1851,21252728683
1794,11703506211
1834,4747781169
1869,15325344035
1798,7054705381
1843,19747121688
1768,14461932897
1760,56170839843
1816,84200547023
1868,21612359873
1891,4966108331
1839,45198912614
1897,13773118199
1877,3453832126
1848,12380450225
1899,3350071876
1932,5084151805
1963,62224255392
1989,13435483311
1910,04676987885
1872,15368065152
1855,0423981785
1840,19324866133
1767,58244179077
1731,75458863925
1695,62162110844
1690,09738452271
1721,58803964573
1645,68498644777
1689,94663774965
1689,17537187188
1689,34507571596
1731,43190407261
1687,68737657354
1674,70152308452
1601,48591842106
1580,1403249894
1523,10421567555
1448,26781739866
1489,44434425302
1447,95490597745
1423,79698270177
1429,77355408472
1400,05554209
1434,4954338877
1416,06803613997
1390,32635300435
1437,54074094237
1381,53649714847
1307,72364334097
1318,8872727374
1349,38113702432
1382,36784145346
1400,89940520045
1360,97603351855
1325,00540949637
1305,11212049756
1230,34406086446
1280,87883648504
1273,24050909059
1252,66029581551
1237,97788264601
1287,63712302206
1227,10184352337
1224,81845165362
1215,9207474561
1208,25283319142
1259,86678895534
1184,04802304881
1164,0154578602
1216,81793961992
1200,52738430469
1254,86356535687
1210,31455792967
1248,37658534217
1271,04220005267
1317,45356593163
1341,42427690394
1322,61818817007
1350,70016282178
1291,37943742395
1283,20759663973
1336,48941636388
1393,91544428371
1334,0453339061
1371,14267192834
1378,26054096607
1406,2108420563
1457,45088724301
1389,10801988054
1433,33232069078
1362,87884171721
1291,70873744493
1262,05674353152
1209,40185189685
1208,5966995352
1180,26196593897
1177,06180702758
1175,4068924605
1108,63293591358
1109,87619208632
1164,2636987028
1191,4646446898
1179,72870415995
1234,83847402727
1192,44549031949
1112,9735418097
1062,98444642824
1122,5470248156
1127,46457324245
1117,71984355884
1138,33263831601
1090,76036269346
1136,54369646988
1117,10243143938
1045,04054824591
1072,89322859743
1102,63992870815
1080,74977282004
1096,96715095405
1036,45460524897
1070,61685015942
1066,20479332107
1064,73679484555
1070,566868461
1057,34302244957
992,057668260327
937,884021754324
927,215495476135
883,492866947081
830,728653385645
851,457648114981
799,955788962523
773,629017478615
780,974335736119
802,127242741235
739,934785780468
760,455573564609
824,44734179622
840,748582142755
881,309968606249
875,841342180895
853,901311500884
858,149523119513
828,40921908543
860,683672582119
896,119618875031
965,977962248018
994,730701672254
1042,31999180853
1061,00861612754
1057,11121915705
1064,50734796678
1092,25014134415
1117,46997661771
1058,37250181864
1114,5695845804
1162,11575611593
1147,14714205225
1089,14127955639
1134,74533231219
1160,56302624781
1235,3346883577
1300,30274563017
1372,73939374962
1380,71859701104
1336,78624167889
1350,65449717951
1371,29771875744
1338,21710311259
1392,60094259055
1449,49316461081
1401,93318232984
1465,12793234788
1414,56428374842
1479,67097490079
1473,46048566208
1414,8324363934
1417,67612677425
1431,68842267324
1433,83663749967
1433,2829229223
1464,66223652692
1539,87676200451
1567,17425521332
1584,7546286484
1606,71852089778
1621,70990771694
1584,3874155471
1637,51529444359
1628,94897023633
1672,46795846264
1647,12916704692
1633,5642397886
1687,00532884198
1697,43640213154
1694,76402961405
1673,49562655366
1621,28791544646
1696,24879553274
1658,3357483234
1725,30845269808
1701,25407777319
1689,50973849255
1646,28706147256
1663,43847943164
1663,3568225351
1725,6332952928
1705,49212696752
1686,05656567777
1690,29943463406
1669,61257924773
1650,08486391049
1594,47329078078
1672,09056198229
1641,45564601824
1655,9722661767
1622,24122396309
1695,96637927739
1649,21885444281
1642,65062851489
1665,1462429879
1662,90331557528
1690,25534446363
1760,21669038582
1790,79920498691
1823,48151301196
1811,00072007673
1802,62076988473
1811,54362524931
1770,33245287385
1840,03999664916
1915,19050288256
1922,0283136666
1940,66547792902
1984,0942480993
1991,08995811599
1964,59143564784
2031,59205515943
1985,93183473494
1963,1371759731
1923,3724483258
1929,68725903411
1897,16494420411
1844,7557822218
1875,87535065872
1887,71233427697
1905,01720781206
1868,48463930585
1890,98979992838
1960,57987462756
1948,91287284853
1918,227165443
1858,775559137
1823,37994991493
1771,96375620177
1785,37309231487
1816,48612082772
1824,23258276388
1859,50236659939
1908,92684687345
1921,70938687013
1993,36677256197
2028,75682901533
2072,37147085945
2145,35592111543
2144,82989320756
2202,01526993048
2225,6556752397
2258,47276145987
2229,74534809112
2256,97222733729
2270,87026261299
2279,62399994937
2237,89719090233
2215,60076874942
2197,32991123913
2176,45825920462
2205,83604611728
2271,36305221886
2243,39763414273
2235,249483341
2185,27015942394
2250,09289317769
2317,20920966808
2324,9458496901
2378,33351361953
2330,08944042962
2276,77661892808
2277,35171893023
2259,82481020029
2251,38716682391
2301,03930692237
2356,22842757787
2341,73599149647
2412,9925364363
2440,04586618861
2407,68156950254
2375,07019812012
2404,53626201234
2373,58818899076
2333,16921507622
2402,30696334611
2419,24711777328
2361,95751689931
2427,69506934923
2506,61423585686
2462,22860857482
2421,37909806863
2427,5841911964
2450,35128608828
2396,7984741725
2387,57632245197
2450,1961949096
2502,77196729685
2518,82555400432
2484,95446570914
2430,0159598142
2432,58016768032
2495,65595300666
2511,37243047886
2493,66967750884
2491,2722271873
2494,89505489119
2478,37613196502
2429,78538298504
2399,80045758178
2412,97518241823
2363,32697966757
2351,30101900143
2311,2976715161
2280,54265546638
2244,38954822923
2306,55909465931
2341,26101594943
2393,93587584325
2341,0770439641
2309,47082941861
2321,59845635835
2285,01459296095
2234,42474408281
2238,46055328774
2278,67361801149
2338,2216818343
2287,91332640122
2352,59101771404
2337,42744739047
2374,45302006064
2323,34970389183
2267,21706899219
2330,26343277668
2382,97441405383
2373,39562928928
2379,5777069915
2390,11486432055
2391,12479814846
2386,27100135026
2394,69012313275
2366,19727322189
2357,9245507754
2311,26805137436
2306,14032056934
2341,52236247506
2400,01877166797
2449,75918571453
2519,56463221906
2554,69906709841
2563,73918937693
2561,24320076371
2540,49985779938
2556,05876803214
2564,86820894054
2619,69895555158
2628,5546204115
2697,87880042469
2770,6453872801
2811,5896306334
2881,12601833005
2926,93937358304
2855,86222578113
2852,29658605172
2838,81806141176
2796,35754575317
2799,60424384549
2826,66408528418
2764,36369630245
2724,67415094593
2683,45678647209
2624,20551555427
2680,25587745022
2644,72348463476
2647,35307827003
2619,77288734623
2547,80646955958
2526,95188095651
2520,78728852364
2442,35943523811
2471,20737022776
2464,05797072409
2448,47609311271
2435,42623286388
2405,34222313917
2445,27102923266
2394,29014674122
2452,42914246042
2465,78240531766
2450,00289444346
2477,37255843699
2408,13800342294
2355,5278147969
2409,64080204239
2396,03257014697
2377,93586231672
2317,37586677883
2311,51835897542
2254,041585207
2285,54504513067
2269,50942181493
2218,24087351013
2235,82328638798
2243,9774225531
2301,61650152021
2246,61442043102
2241,50102539989
2231,97264756168
2236,43285413106
2264,82284504679
2190,18449071338
2127,11120796721
2156,40656475276
2113,18782225865
2049,37649828818
2007,64425862471
1960,41970083044
1904,46365990884
1938,27691384511
1889,89202105435
1854,72066021744
1864,55020465634
1918,25262105942
1945,00028922921
1873,62365218979
1850,56125586878
1910,42235632912
1913,08302231276
1847,30542688505
1903,24759911897
1852,66488872127
1862,86616637039
1812,9528308627
1830,83566291762
1861,31581104422
1801,36293223191
1752,86453019495
1749,9495499674
1704,19785756347
1751,87495339283
1700,32808860779
1748,08407485861
1710,53007835081
1755,77114937164
1801,59097394514
1778,8497835532
1796,90463731387
1718,67861197734
1668,77950400057
1690,82882521713
1735,93531114326
1662,29165278016
1652,71513341587
1644,81021031961
1636,97226986148
1681,67496393047
1669,46302368746
1611,72200854948
1652,98753517353
1573,51884554304
1558,86000695585
1569,44629679408
1500,23465084388
1522,64297765803
1513,998207503
1469,35934677224
1440,29804196688
1471,49759484525
1456,04631720392
1449,05780109067
1380,01411727164
1344,19869833356
1374,99765871325
1313,28538109236
1344,6413788221
1339,52570016008
1266,18753148997
1187,04386328209
1167,28859936226
1157,50075410935
1087,30986517729
1008,38524974342
1041,86908628879
1087,47475088922
1009,03817033816
963,001673586201
939,246844346284
988,977735312179
934,887800675298
880,708267377087
856,391884049582
798,346492610101
804,397343082538
744,790677649336
680,059756822911
671,509803930069
593,389773123613
598,153664953146
532,117054645026
526,330345397037
538,798901782743
588,781041562921
639,482795754207
620,104830144022
546,560974678286
525,449776964006
519,935408350981
570,013844710781
564,662141005816
589,838178264833
611,989372797305
635,595803179589
660,681460183431
705,494770447488
645,744753408127
602,083750871049
630,759622659888
592,090754081537
528,083287378811
464,168062668371
452,039962397906
484,282665305902
519,169888118827
486,869406549665
468,331178710019
460,032878499494
440,620384551874
497,510290433425
417,741794403522
368,007157788616
320,869487785208
329,943730547067
335,728783372664
257,538553782524
307,944414987203
330,138230733638
279,745818911933
239,89614851768
277,472551836387
305,023489047318
351,973391273978
335,373454073153
377,052649165063
306,963739682438
315,212266685074
356,385227570489
349,875688776316
366,83788897788
388,546051848002
438,045864486156
464,439580624196
395,800140805449
349,43134717151
278,094785217239
280,480634910277
245,407588069982
225,414545524592
279,916013693397
212,27615032451
230,759915816951
242,280800618361
273,379472118512
291,343490677579
253,410753409103
257,524720261582
267,185346291951
296,007098572331
320,115093709953
327,243663131837
332,062277156887
332,657743963718
376,712245972226
367,658617551278
424,129061952292
406,166675806122
375,918239474258
362,322262643055
364,078806370533
415,933417936756
447,370647772853
449,716411819549
415,494051778453
471,354542729144
463,979721560133
448,854791358511
424,613700017618
437,681921095439
424,424363837774
396,72898795769
420,169059163969
380,909174764952
400,875346125511
392,588280487148
370,687596323288
298,170631368724
256,028623774661
281,790082744225
202,735153014183
125,20493046623
108,338011395344
91,2371604522864
72,1045547873268
30,7531066894312
0
52,3892313159954
79,3376936853574
150,150619512494
211,529199947384
284,971033034367
236,259488396467
313,935190077841
337,137758986622
355,500600401079
380,180315994741
408,208457980402
420,44653764481
398,942195237122
397,805057395159
373,262461658224
420,43244097402
485,518632547706
474,732900156981
537,248594675794
549,311241237126
536,509672480872
482,764043208567
487,845564837495
434,151280785049
491,699622413934
530,794318137128
565,921864312105
614,406627441945
614,656465591236
686,635473271195
708,69757648031
772,825543388176
821,356496699785
776,421495585898
845,085978319442
831,940899524809
861,243771915902
805,157268785478
837,481734411548
828,334859911507
886,710661331521
957,671293563987
1001,0852320637
1017,86335848172
970,960342563204
940,181780974464
933,502131148009
944,00224585738
887,745845680005
874,447509071066
936,358234340491
955,344387425735
965,671140982616
986,354197736994
1022,13272940932
1028,13805861777
994,401823619567
964,034784684904
952,125810343829
999,64507070819
1029,67281633507
984,287909620574
1056,18319350117
1013,15865941958
1021,54127645378
1072,92865117682
1025,8181980419
1048,56608879686
1054,06573985893
1074,80974968747
1018,30875627152
1020,86613117292
970,394205991362
996,290556013719
1019,24332328571
1087,26631112735
1071,97314108348
1110,05800178277
1156,07945648771
1143,10024420875
1106,73426647519
1095,34160094119
1075,88798743481
1098,11890640674
1162,69140730737
1108,61615505936
1150,92934875327
1126,08343902793
1121,81221978358
1135,53818136246
1163,15432511417
1150,12402620172
1228,25557930779
1234,03671413382
1231,08730665924
1180,1393213636
1167,03239756964
1204,68984652063
1182,31443413641
1218,92284831913
1258,12911882909
1233,34236155885
1251,19162283428
1200,30561987325
1183,20009613093
1177,27443444881
1198,33673919474
1227,53485522584
1259,20454688333
1310,69698450188
1360,96075490162
1430,71331425138
1463,16292788981
1450,4470134156
1466,28539814441
1472,40114281997
1439,6866779773
1510,93850186604
1589,81702050651
1537,97341233956
1575,27558744665
1623,3290833716
1669,95443151796
1728,60420938516
1763,33584339979
1773,4671545883
1849,79335134374
1905,51887055185
1938,96069440011
1996,06624909959
2065,55048419887
2131,50943583413
2083,56849816794
2157,5526090048
2178,82190299631
2174,99971981393
2155,14353188926
2219,10679222043
2180,08838884071
2154,69224591492
2190,4056376826
2166,75382804906
2163,84023235824
2223,96662047318
2221,95546771025
2180,97553100482
2144,60595512977
2221,05312356309
2257,51570073772
2234,33242391997
2274,59772269921
2293,91423462141
2305,04879856717
2365,86822693509
2407,24794534838
2384,13197752281
2326,7628542505
2288,99015437765
2260,13940469834
2268,99238352617
2219,64569482936
2240,96017484132
2217,16375606934
2205,33877086143
2274,45263651407
2285,83230092928
2290,38723288122
2338,3221381243
2411,13573476259
2480,88280841749
2478,49359775358
2422,50183006865
2416,50034521078
2387,7562160407
2408,34103269425
2474,28989880918
2461,4440409194
2463,63845828159
2459,62879320124
2515,78765296647
2575,89941786411
2607,55071488095
2634,05432808402
2693,42273901842
2692,45229358433
2766,99282348482
2771,66258310511
2834,00567107555
2884,62652812927
2878,47617167909
2897,440973249
2876,52711850429
2843,31234008228
2851,1326736543
2830,69438470094
2897,07396629596
2859,53629496486
2900,40137565248
2892,69144722386
2950,31570916545
2977,11375595402
3043,60753571783
3039,05502372377
3075,11004648409
3029,00215627114
3015,97033928427
3056,98465344821
3081,44548508406
3043,03858285911
3024,03728740478
3039,94806448461
2981,26110175683
2930,25723015436
2902,64068290249
2883,3355880032
2891,06005318047
2940,62239610619
2929,79048184575
2901,92350159955
2947,3918133636
2943,45243484874
2902,56623519704
2891,31582098143
2846,68120912122
2878,54181793451
2863,88026646519
2908,65466481943
2920,65492908967
2941,58684385083
2909,38935199724
2916,21125171716
2929,58183912075
2884,03725455703
2921,29797184435
2988,99495630013
2941,1109316587
2957,27309315338
2914,70325974035
2936,1913811584
2941,62918117439
2867,37218915828
2874,52038027557
2889,13346308243
2867,06269819153
2863,30174902142
2911,71575834123
2876,20075890618
2935,44278951615
2889,30939279465
2822,23580779146
2844,53161188612
2885,84340004523
2858,61334888666
2888,53064256186
2839,9854259612
2787,04982166041
2772,6820561442
2804,08597224582
2754,18794053336
2796,40811366328
2752,29222481246
2725,75627657853
2689,05537834347
2704,23478984471
2721,57392379901
2711,30052756579
2662,3053194081
2691,45686553393
2698,75285201182
2681,7918840711
2728,07067004874
2648,16859373738
2681,6411779782
2657,94752878041
2619,54404123572
2552,54891726307
2604,38168784808
2583,43381622501
2588,75748078747
2528,71267776411
2537,50040679588
2578,35450663155
2533,03443154927
2538,90234499187
2530,50094049913
2577,77527966433
2609,9938800279
2643,06359896113
2574,15225089721
2631,96846257056
2595,83950184092
2633,79077214459
2642,47232589986
2698,07473301798
2658,64856509895
2665,7222797562
2686,07996659171
2707,93817983379
2674,91474856852
2659,5892441364
2591,90626985948
2635,07253215419
2632,46989795588
2607,73466990224
2543,07930874316
2478,50827708771
2480,7150576593
2449,43657715779
2495,04784268097
2499,23482779844
2549,13284727798
2543,70040533305
2471,7675831084
2530,90543812649
2560,62145574047
2557,83638222508
2588,4012465125
2542,93421027387
2590,18250167844
2554,91243849272
2613,4967782551
2576,88201134879
2555,78387659778
2610,85009025915
2592,57504405108
2619,6800286787
2586,83347635755
2508,75933819393
2453,62697302533
2471,09110146346
2489,45282856443
2499,99535067938
2533,48993806797
2592,35836962348
2520,93061335428
2572,05549728221
2624,97210494474
2591,55593744086
2629,53895591178
2684,37025026156
2619,43511899069
2605,04509154477
2648,29357569958
2569,26231739543
2547,49240152887
2538,78907386623
2527,69888266348
2484,87863812823
2420,077292854
2404,85522619675
2346,08323893793
2348,11837699642
2400,47853097808
2378,55837822359
2398,46720788557
2393,56937831434
2435,97491715847
2468,43580675704
2526,11593371076
2465,06252548893
2488,72448821493
2539,31729888978
2485,76452823159
2449,79777355203
2499,98254249803
2420,2297356819
2430,85857303388
2385,33815688237
2321,69833425046
2247,82750852771
2177,3694952146
2140,03845775502
2082,75878084486
2045,15286147835
2060,56601419606
2119,40007260507
2120,6595389129
2095,91658791803
2088,02726436315
2137,90009691748
2181,98138098325
2181,63815087715
2185,40533013428
2106,7527063269
2049,1013974506
2088,14834122926
2118,58905791705
2159,24746592494
2094,94993895057
2053,18370693046
2019,6762005797
1970,04678795116
1931,97886421903
1877,56818658559
1865,88475695154
1795,76378924575
1734,67219756668
1665,55303622296
1715,08598579331
1759,56873632948
1696,20614895886
1675,93899166022
1644,8524573142
1684,90154349008
1621,45430616171
1664,3002020122
1613,07720490409
1660,81642681771
1698,06460159741
1733,0035253861
1768,02487424017
1723,72914565901
1653,62086791714
1597,99675687589
1606,7305583445
1641,6698520359
1639,52998238128
1637,70495449086
1599,92382328488
1550,9590668096
1471,74514903303
1464,82110372038
1439,29000624422
1419,86240984866
1344,9775343039
1268,64528317873
1308,03054932879
1245,20424776022
1262,53528033036
1307,61090985854
1231,1166652111
1166,44396318423
1161,77537722596
1149,86771200777
1200,02801297234
1131,77614861716
1071,13542601985
1096,42568354794
1095,47916065225
1119,22237872576
1050,25362484635
977,321881161687
978,06761213954
917,479541253988
886,387261225092
871,837548595778
871,207424426083
920,66274782208
966,994219933169
940,912912073971
882,467405149931
809,87138750957
854,705688936965
785,418941036528
720,730623333124
742,910301807761
665,660678132279
689,38210832392
748,682831585726
774,306355833219
806,590843762546
812,802979244293
781,494215159441
814,927008750349
874,461041099607
846,77533849458
769,973639673541
791,283238349149
781,555013145113
710,741678886461
685,016603593257
671,823366182774
657,061228126782
716,599893908296
654,046751695707
636,366024127401
687,449199341913
717,823250073858
701,912204670679
694,194569924937
744,291358037988
815,153236093537
794,029811846107
821,676138914971
845,687064167898
852,332386752746
844,120654670578
799,526139115695
798,69326642188
827,149612799823
899,074521916488
960,887529896986
950,259450767311
898,995848339515
888,285219659231
959,219747250537
963,032037142214
945,91267598137
886,582393556174
907,742122485183
875,286762814638
865,248336165795
927,722529935523
966,817203623625
945,650002167399
932,063478041471
921,142291212988
932,588108625539
899,480518898687
903,72908702294
855,159788618406
870,614104201374
854,672774595524
903,880442894942
902,592429082187
965,354474105573
942,585220729275
1011,33693840417
1080,68195344446
1059,45098604982
1058,16636290316
1048,29358254946
1101,59726027939
1121,57031504045
1065,57352472356
1093,27041258257
1144,33270711188
1190,69264593101
1238,6120518663
1258,34800727589
1331,42568813703
1330,03790170888
1284,5182234489
1313,73103317047
1255,97219344507
1307,34052482869
1333,26627432521
1392,72577859123
1419,45934349646
1473,27638916358
1515,76377022814
1550,53610426399
1606,62925437402
1679,58610613346
1662,41893579831
1621,7871541352
1638,18692169068
1713,45197079864
1696,25195503992
1639,34272790297
1589,60307313111
1621,52138611373
1606,48370276042
1622,73151879792
1673,68761604824
1742,80306555461
1723,70240796996
1686,1760310904
1642,62281579088
1713,90682916805
1790,51735524578
1800,74426258483
1808,48141443379
1797,90931522749
1785,76566242882
1858,54714288774
1842,43095983865
1825,18174949809
1902,79395210687
1852,94963638436
1838,6089729325
1890,00652754214
1836,21927378523
1873,54592798909
1927,23676056007
1956,64261907183
1905,43101558249
1858,30524176746
1920,65731151526
1919,81799916356
1969,97092105447
1978,46098123047
2012,05794337302
1963,28013067287
1937,78225071625
1901,84728805528
1918,5087596851
1929,09929500385
1903,63769175189
1892,56880904668
1930,18317443793
1961,20088191293
1998,29545385591
1965,26910930652
1972,31413734719
1914,75780311728
1925,58866429869
1950,80387142059
1923,01055210783
1875,8187865167
1838,85881330299
1800,70401600129
1764,92109482406
1750,8883380475
1802,27583109507
1794,85693743679
1748,8636436215
1771,34594198845
1841,86751050496
1814,50641565235
1876,35757257061
1850,29263271964
1860,23099404771
1829,1788134627
1778,47813622024
1728,96418859203
1736,71777457778
1687,15268555431
1668,38806090802
1653,74521312478
1655,69071784881
1652,94005621362
1689,88987598563
1704,44660825862
1707,18125466126
1694,90143571743
1695,32064275598
1648,26204738499
1636,02024484241
1600,0090238452
1603,53838768487
1548,94334580235
1599,24790504819
1669,91538117636
1625,16622008531
1639,63509538194
1603,19377230164
1559,73855748761
1507,84956110541
1483,67021435112
1544,49841865082
1604,14688471898
1649,65621363356
1708,59513611002
1783,69567115498
1776,62985069986
1855,56347750852
1822,46235847122
1895,59794201311
1902,76603617369
1926,74100413301
1978,50845410885
2036,0212859912
2106,28911136011
2104,06227067302
2164,49358948716
2151,64730546607
2152,07752516124
2104,60705411835
2132,69607039294
2092,73581464903
2094,00218629465
2130,11104120878
2156,75413511077
2181,44235572845
2192,42730368042
2142,33073475414
2100,88650812902
2153,65462767131
2194,86076585244
2237,39773966251
2311,73525748855
2284,92180247555
2313,81451232537
2299,1394294515
2362,60451657353
2361,5412164021
2389,63160220982
2461,6205427291
2479,60236604307
2429,54236171187
2432,43912902309
2504,39224494826
2475,17548609766
2554,32328588531
2545,15633878538
2530,48640514747
2595,44919140425
2665,21479119324
2674,52385894234
2670,68668736643
2738,20806439417
2719,1534948671
2750,82687463184
2778,86519402678
2730,74849912
2748,32446364608
2719,57823729589
2709,53400081468
2729,74335605732
2758,27908988496
2749,08528927671
2791,08439457188
2853,6739726568
2863,30461314102
2833,19836258572
2839,62623212469
2848,68045324398
2798,13046480442
2767,4778502935
2843,49910940672
2814,81984998324
2783,47240001125
2827,80911868802
2858,34567793102
2865,57712783831
2809,2153258944
2779,39469748614
2720,28700458831
2711,81006751573
2690,67420937152
2685,06927300946
2726,53539873498
2681,60247236565
2656,12506352185
2582,20944361864
2596,18716289578
2563,08960587396
2489,59373426605
2455,73024624294
2398,51456100052
2387,27060566529
2314,76155652421
2363,81753791301
2373,62237058283
2350,97155265555
2383,02955419432
2315,93773264249
2335,99500470143
2259,88570692012
2234,15674301989
2161,38740595029
2157,9689639611
2106,8114172373
2068,33685814326
2116,50302707986
2144,9499780894
2094,66349772395
2153,31240757523
2173,56407859529
2177,20700878054
2149,06133800236
2104,72444040455
2099,1296108808
2114,01946487558
2079,99333880376
2024,48425948363
1978,87600835826
2020,44950346018
1947,15887986923
1940,9723176998
1867,44686244868
1888,56443184827
1908,35703024564
1951,22099878323
2008,70048285867
1943,03361461639
1958,03922282906
1899,79867837848
1899,0106244986
1867,11041689716
1886,60068929968
1888,31179350536
1846,33155702908
1781,75396025262
1716,53442938185
1695,30217093662
1687,9838742772
1697,39133105026
1722,46743215828
1676,58396005937
1684,54726189587
1645,05758287621
1573,14711877291
1593,35646018542
1580,76753462235
1552,28436912516
1556,58783258711
1501,40224999813
1533,75874818478
1480,57748253018
1433,2829256697
1458,36219037807
1434,06005880053
1480,9925120701
1524,38110717311
1482,88154171914
1427,85952630353
1440,22650081675
1472,24221779603
1443,56384530829
1456,58650528015
1503,45459006887
1515,92522280566
1456,18068631095
1479,96217891572
1531,68374911495
1465,6896193026
1470,92807928143
1500,4398729887
1544,62947746023
1603,59194690063
1544,16834275432
1510,67007966836
1493,30695900754
1494,42314597518
1504,42748824806
1492,57712792725
1506,11506496841
1502,65393836547
1488,5988852608
1490,47321705169
1532,73025746584
1545,17116333133
1471,12874249049
1437,00001170719
1371,61259142757
1390,64235511266
1427,76519943856
1375,42340605772
1318,69996681283
1330,18396852081
1348,26632341289
1345,6493786609
1322,95237068224
1277,1674326375
