1271,414058934
1271,414058934
1275,15664590529
1283,94648227636
1297,7255572562
1317,18842100919
1339,13786349544
1366,44832203697
1393,03077228585
1419,66275270624
1463,4277390852
1511,4708106017
1561,60648579085
1601,37388641311
1627,47487943113
1695,04695645225
1751,85893920957
1791,49746789045
1828,20587281907
1860,02512925227
1934,33730192917
2022,53853476801
2100,63344936226
2198,35041540442
2249,61238752333
2345,22458830858
2425,62166459111
2507,7023085421
2571,74837295435
2627,93224348978
2709,51537820332
2784,29533942647
2896,86669074396
3024,48379821895
3144,39178227961
3207,14429319237
3307,59795613862
3371,43470499187
3428,03560118254
3532,07666240728
3576,98149137291
3652,60628474143
3700,85988792242
3771,76224290552
3836,8414871341
3865,5022317996
3936,37714287873
3975,99372832383
4003,76322770899
4025,18114853192
4074,57681329745
4116,05831773535
4144,57167030059
4162,16735216113
4190,80231908745
4200,9150917646
4218,48480243242
4232,79503072974
4244,9786914652
4250,26833824282
4253,80523112313
4253,80523112313
4249,96548515665
4246,00696159728
4235,57578301006
4215,73176042443
4204,85937652636
4190,97340567315
4163,33241737602
4136,06236413558
4104,19620623929
4054,87043026362
4017,97175841854
3990,97566221032
3927,50782611197
3885,61264165162
3844,2032178247
3807,49921742399
3736,67868901432
3680,57310683291
3646,70315938227
3560,17474617351
3505,37502637848
3441,46584407649
3331,10628188949
3247,71717501076
3151,26788499047
3081,9309778598
3008,18198308341
2945,20949214551
2855,45978336305
2775,74899236861
2652,09468681617
2578,50615181579
2509,57280235732
2388,94857728882
2276,2290620142
2164,11251607619
2090,72225011685
2000,82571540143
1905,77049146286
1854,62726904372
1767,11759389321
1705,81226738517
1649,28325473141
1596,28313552725
1541,90672356335
1499,0362897208
1476,05815612759
1433,39408098644
1382,08102354022
1339,6065282812
1308,41081442857
1269,79239460691
1236,22907510006
1219,78248196333
1198,14471752761
1180,71072954872
1170,72118543276
1162,47258145321
1158,18125035295
1158,18125035295
1161,89004769558
1167,32829725788
1180,21206293109
1187,94749738552
1203,49104653585
1213,57340732134
1235,91381435324
1275,73008456921
1316,32699588996
1362,77695394017
1384,27375363229
1441,36897209008
1480,72096891889
1516,64177152792
1588,72243609607
1648,48738319557
1724,44351417141
1771,96673138546
1829,8337352438
1863,21436861912
1905,87666987947
1944,06934863688
1987,45625751517
2084,43321033664
2182,50110162305
2279,96045263404
2326,20911723912
2440,91170171317
2560,66151699081
2624,52840775461
2763,71624754992
2817,64252258742
2889,88759342265
2973,58269213399
3073,94266725002
3151,95480993341
3246,6226470734
3342,06668922463
3378,43314343912
3459,99838904399
3530,57515832932
3583,19540705059
3666,17294848717
3717,70914144241
3787,83907587073
3840,80080902706
3889,92571006137
3916,78926790992
3967,81533781492
3991,71136692866
4009,75420266998
4046,67313082609
4067,64317785822
4081,27291627364
4100,42761528185
4111,46108184775
4124,49329585045
4128,84379868807
4133,83391872537
4133,83391872537
4131,97512955108
4125,36446518436
4110,51916141707
4100,18044355488
4088,4604840408
4064,29518431314
4037,13832923698
4003,52645217604
3981,23732824867
3955,043917504
3927,49877071434
3877,88562012815
3817,97784409856
3759,34635832875
3718,84992379408
3650,93148771949
3621,82789872019
3560,88824353687
3516,09970387898
3454,29034788283
3387,20844419698
3318,57651355765
3274,17165564489
3204,40698611211
3157,89600034844
3067,64514752786
2942,316599026
2813,40212908498
2755,82242151837
2682,50796307305
2565,65257379272
2471,64437673441
2358,46646958036
2314,56354136402
2252,04634110693
2173,67391174053
2134,78445050529
2072,915992867
2010,52316442932
1967,37125108982
1917,66381859359
1887,03200844598
1802,67404953142
1770,26570580135
1733,86057956944
1703,50613758596
1639,88145804259
1616,9693383863
1576,12339022543
1530,76516820308
1506,74198576019
1472,39603144771
1449,38756290639
1420,61388219579
1401,28269136244
1385,80395200171
1379,6254674421
1370,11681983873
1365,77085874622
1365,77085874622
1369,00073058468
1377,25968927249
1385,68966733789
1399,73833554644
1413,88908878227
1433,61754413474
1450,85380416402
1490,60326773701
1533,52273204993
1562,12669462374
1613,58309770014
1653,99610325724
1701,02040249047
1739,48362244967
1789,22764363196
1818,84681142812
1874,42396191076
1906,44081696158
1945,81156884978
2031,03264299191
2068,42706808902
2129,77532887199
2188,03497329262
2269,71456600339
2345,84636636428
2437,67645510814
2508,81734567251
2601,0180443693
2727,932293307
2869,78588056274
2994,15883803312
3092,73842539455
3141,04415431822
3202,39430392272
3318,13691668435
3415,70402878446
3513,51807712585
3587,10308262632
3628,08646323225
3713,29560016279
3779,55839861551
3857,84760823295
3935,89983879707
3992,0602633736
4063,71623691965
4113,32710666581
4172,50854090205
4201,91249969271
4226,80385959263
4250,51414329504
4282,23768466644
4305,22586897025
4326,02140389663
4355,49743168311
4367,07328176455
4380,92074006528
4395,3455210727
4402,30217347106
4404,44353547309
4404,44353547309
4401,77025430762
4392,55072878326
4383,06591606841
4373,47474442801
4362,23244877635
4338,13530631742
4303,84294839366
4272,42535586969
4242,09563746835
4206,49546755624
4161,71804578201
4105,52217087111
4082,76107189761
4046,14002560318
4003,39330961387
3926,28445798125
3876,01296476756
3798,54982478864
3714,82203201382
3676,17475685718
3596,89777672146
3545,10391800125
3490,00177496733
3416,79134054115
3333,85509505892
3258,16844385031
3140,13912456116
3042,41320113763
2928,64901242171
2868,73543651172
2805,57191044739
2753,51115512436
2640,6278849427
2523,43558206848
2481,60364353793
2403,14686933368
2358,12204529676
2260,465981165
2180,65859734188
2102,94462683825
2066,44426163741
1995,76212699482
1939,06568512587
1892,67986489429
1866,34797221422
1805,73671424485
1746,73964897639
1714,75289173334
1694,37808024978
1672,74944397826
1649,38741233248
1618,57695119932
1590,97596440121
1568,7387413254
1552,75068731563
1537,76289297396
1525,0605597906
1517,59861132095
1512,86585826094
1512,86585826094
1516,64215326307
1520,13625510043
1534,17288970396
1552,66868835128
1563,98937591149
1591,79636736561
1625,59135216703
1647,45818504945
1665,26432591735
1707,26354222927
1732,58741318058
1764,59745792109
1790,47709098418
1831,7378169508
1868,83642257292
1916,04490927857
1995,25113320998
2078,36514460622
2151,81521632327
2245,0569138389
2349,41655047831
2457,18636055966
2558,54283697059
2672,86419880399
2729,56327419785
2849,01316566734
2960,55500587163
3051,67639000884
3188,17014451208
3281,3324680201
3379,67860504115
3447,12391855604
3520,72898438311
3594,66667400812
3699,86284153917
3790,12826320643
3903,37422122559
3986,36090832127
4030,43777432312
4067,84240229885
4099,98900051383
4157,45371374338
4216,23592505909
4258,60183046056
4333,32148178324
4370,77110768176
4409,08379490366
4447,79138749284
4495,42468692118
4526,7065531
4543,72909133961
4580,0035386548
4608,07164292149
4629,4108043647
4638,68424354913
4646,38238741614
4659,14221308619
4669,07422755646
4670,79734674226
4670,79734674226
4666,66495592488
4662,90409581094
4656,63382958153
4644,7186706206
4631,01837541334
4602,34242812684
4588,21397618928
4551,12755567819
4517,14043485565
4476,34468125086
4439,81747765861
4414,97479577159
4378,99186253578
4324,4458903975
4295,77583980782
4216,7108433298
4148,90315831742
4097,1211922683
4037,77038754248
3996,18080918887
3929,65846228552
3830,57933417796
3781,28379777831
3706,20143844801
3593,34200778898
3540,58575463741
3439,182064307
3355,89147102905
3302,28141924782
3202,32797576067
3107,07754184433
3026,26217267379
2919,73501997133
2823,59624240326
2704,82300322649
2590,36003608661
2545,66097382098
2448,00968045586
2400,79460673614
2357,23235186293
2282,49445328837
2221,50481574074
2158,21618703343
2122,04562893154
2089,17257411289
2034,90751986697
1999,79608101217
1959,60507593487
1936,58269907576
1900,12086891186
1870,34424378862
1851,36977963523
1826,51170720261
1801,0522989336
1786,96774286464
1770,46587177341
1756,60863290848
1752,95102426298
1750,34789756887
1750,34789756887
1753,13627882618
1759,12417000351
1770,32099330114
1787,02721209359
1807,02173993783
1829,5307100236
1852,6869873878
1880,5653706374
1905,56592459273
1951,06992379811
1987,01942331794
2029,22519885743
2057,99040190548
2125,41757900752
2160,74923722806
2219,15258740733
2283,08601228974
2355,58049997419
2417,94489930443
2454,46983814447
2538,16219912057
2627,81874060761
2741,63706063601
2794,72649050863
2844,54807449343
2897,16369500562
2956,69553322641
3015,35120176012
3078,7569782264
3177,23064879214
3288,91226277868
3346,88380076637
3398,86591775057
3484,14304480847
3545,25990886858
3629,07253634607
3667,97628542934
3706,64631385044
3764,25967659844
3847,45413215712
3941,34391306341
3980,94303285125
4034,64413153456
4105,57355856549
4139,01340937661
4198,0068469923
4259,61572694806
4312,00867887446
4340,54081545779
4381,04154796465
4413,36166166934
4436,1806706686
4467,46469869548
4481,82836899075
4491,62796965565
4503,8014029993
4512,58744426269
4521,37650928601
4524,14052236319
4524,14052236319
4520,38365616403
4510,55941791842
4498,82870777998
4481,39006591388
4463,22097693719
4447,16059862503
4428,55645399085
4397,47698130666
4355,78609757394
4320,31206838956
4282,22016652606
4228,95986417182
4170,14333574263
4124,6242200139
4091,27102929226
4038,68427371389
3997,09320090032
3913,06078250119
3846,05996345607
3759,93637194077
3665,06138033857
3617,27889507649
3521,00599959461
3423,11022616058
3330,86308286565
3224,12028827741
3097,24813703629
3009,78214168445
2955,74490193079
2809,24528916796
2749,02980664932
2654,91922412218
2540,26924220547
2491,97548142881
2381,9941180682
2333,43565004649
2263,15040321546
2192,28997012241
2125,295777626
2050,44544024413
1994,33661879242
1931,79671566085
1901,01721912126
1829,64394945556
1782,16511212312
1718,51917911484
1659,71626156229
1622,19591157845
1569,68099638571
1524,67272134327
1507,73544165044
1483,23685088655
1470,97317253439
1446,72376488803
1425,40196285058
1414,63874938182
1399,91482742126
1391,77328498495
1388,82751492728
1388,82751492728
1391,79153858534
1398,7179964084
1403,74996329909
1419,89288578813
1435,50693313148
1458,82878235719
1473,82926042913
1499,33080221572
1528,06455248954
1545,02823695541
1581,9083643923
1628,85645559702
1692,64668512048
1716,42950169342
1754,66350661342
1803,70418188644
1860,26190801613
1908,50797954023
1965,80333025542
2049,10450866016
2150,82982826162
2207,92826158441
2307,47643632541
2417,59652300936
2537,77883562466
2606,12748650963
2700,78363227771
2798,76263142893
2864,87764185831
2946,5923487643
3000,73626505943
3057,54222244918
3124,45922882348
3219,29529190651
3312,64233709668
3423,39669161401
3496,4988906704
3544,92268554552
3638,18520080368
3685,69040841843
3732,95500562819
3767,21964247084
3818,38627164952
3853,71077363241
3915,954604237
3968,6701341262
4001,45116098913
4045,62174204688
4075,15963885241
4114,68848450948
4144,61912519668
4170,32141043509
4201,98558224845
4227,46088614957
4249,33193582311
4265,66213061442
4274,00542612684
4281,42454916056
4283,38892917151
4283,38892917151
4281,51901694706
4272,73505592535
4267,41909164039
4259,05010315855
4248,09460135941
4223,58230290557
4199,18744678493
4162,56888680512
4141,50513881188
4112,73242549244
4093,90276822598
4055,41160801832
4030,02035220154
3961,11357559812
3897,61038160849
3833,45442754299
3794,29620694646
3729,33203494688
3697,43965872676
3655,8237994435
3601,44746541268
3547,33704585768
3439,68752774395
3356,55164141978
3309,39738769987
3196,03946044235
3129,50170503285
3037,08161283303
2960,38215147659
2853,65174672115
2731,30931003545
2601,24960486214
2509,16689233893
2417,58622372643
2349,49648648709
2304,95651872826
2244,31279641
2150,5676309798
2047,61622221641
1995,01711493513
1932,04652363452
1872,16777491872
1804,7096617014
1753,30801811067
1694,31641690478
1645,24751872068
1580,78882720435
1526,81925430357
1482,20664109438
1446,77142972209
1425,84318932417
1393,38751085725
1375,41924548587
1357,75792615383
1347,38784133102
1330,91548308539
1325,82991530924
1321,94824851519
1317,16779785176
1317,16779785176
1319,19284801582
1324,68588095531
1335,32274019143
1345,2486803539
1359,03653799744
1382,22757371013
1414,62513849509
1434,55676658135
1475,34100896772
1520,90602592141
1548,03711724764
1599,03870090719
1636,25561864328
1668,8039232715
1720,53065543087
1755,04244341284
1796,74599896499
1851,76989506081
1914,64238739788
1998,32910196312
2046,67398299866
2115,16766823913
2228,17230493986
2278,84695848241
2383,82897242305
2441,93256090485
2570,60235149022
2699,97027787611
2809,09011766427
2892,57009964245
2955,71909586466
3069,78882403956
3172,24482541232
3233,88169224554
3304,49349975733
3359,28313390628
3403,1568993534
3453,3047905859
3507,09977387315
3568,94422759873
3659,50301977937
3706,58046071413
3781,98206907851
3861,47158612876
3909,93031890904
3944,01096048951
3976,70424753025
4026,06129197065
4067,7897212838
4109,39275144338
4127,57991541297
4151,49480774369
4168,28980512759
4194,75715497186
4207,88831926007
4226,0681762202
4236,64222770679
4241,05977596764
4244,17638146202
4244,17638146202
4241,6731499834
4237,94469296914
4227,10132354114
4211,05871679
4193,5193207108
4178,75510755635
4152,14442633425
4127,20630013486
4083,90145180462
4045,26890932517
3998,39294111126
3959,33812099322
3921,39789322611
3889,670764009
3832,13628747289
3754,05915922984
3718,44619533052
3629,31715745059
3537,21284671246
3449,11886377063
3366,68382321174
3286,67637192799
3227,2181648717
3155,2037241303
3060,05385378378
2942,48591883534
2863,64670295282
2746,21829352786
2646,70805642538
2550,73370375083
2465,42136201654
2399,06011805593
2279,96721676782
2166,73660573009
2112,76449809445
2039,21146105006
1925,11462862531
1831,82478445046
1779,74781414094
1691,73983651061
1655,6147431748
1571,78740073544
1519,50248268332
1478,4920492412
1451,15866668809
1419,01929659024
1358,42966320928
1327,43623860604
1287,29706928706
1250,5745669325
1231,94274413101
1195,48269700436
1166,97134475548
1141,62795473897
1117,2944645408
1102,01535394741
1092,77569344862
1086,9444259366
1082,72058488927
1082,72058488927
1086,63949116908
1090,13528090752
1104,2633368801
1119,02058826015
1134,16743874743
1148,1666469612
1183,09722789164
1208,16200783933
1231,16316676504
1268,70557679889
1289,18803148244
1336,36334622885
1360,73513547303
1384,90422093072
1441,96353134557
1508,42840783457
1540,65109820445
1609,17469988383
1684,87222389467
1751,86475972499
1838,99677530815
1928,20431027943
2000,01201740544
2114,70732790249
2194,60935045403
2256,6958457837
2318,38841817421
2395,5461740147
2445,06542356299
2578,1907460768
2670,95487935901
2756,7714014254
2847,90081648446
2965,08749544624
3018,39351840164
3103,47544828514
3143,7606611454
3181,81736389337
3237,33207977563
3305,76789933214
3340,7981009917
3385,45009510767
3418,05411408176
3489,48762714295
3523,80422947329
3560,01324292738
3591,76915661436
3625,40587659633
3645,02588853241
3672,06939302248
3701,76156209631
3734,11672137791
3764,52093117615
3778,25727371417
3789,35181182623
3803,28968165906
3809,69788946507
3816,93343020211
3820,08670377549
3820,08670377549
3817,77589002908
3809,80002848654
3798,558491356
3790,12781178429
3777,92343286933
3749,30277676521
3732,72313867512
3707,78708653111
3683,64087718863
3634,58797854895
3592,59327905683
3563,85983499722
3535,45253498578
3509,80119044107
3479,16790362098
3446,14961699248
3410,74587290132
3344,11661623625
3295,17673068998
3233,09511298535
3143,42174775436
3061,29058195027
3011,17629465158
2948,78820442926
2881,38787985145
2756,86522605915
2696,95454647622
2565,47156680009
2512,73975298013
2400,13038883535
2274,10719213034
2191,46435811019
2086,59520763046
2043,10369452062
1918,20317826227
1814,52458696262
1699,97731005771
1590,35572635957
1497,13671101356
1443,13433648465
1411,10988351257
1331,91702544002
1270,13018870965
1234,11260158247
1172,81797870659
1141,06598696255
1102,78897188112
1052,97566195933
1009,09422430943
979,86072502092
955,073599857308
921,711487374285
892,169122237476
862,228075012356
848,687642687161
835,042509422653
820,341358580781
816,443380952394
812,987577648047
812,987577648047
814,829689181171
824,355775554515
839,067767684996
847,925578630335
867,54613231908
884,801413131936
916,778838161892
930,14558256222
946,664671566487
981,969643111167
1004,23703525257
1044,44664112344
1077,72588702899
1128,92250637784
1191,11342039787
1223,7702137715
1267,45095203667
1319,83502834251
1391,80896018017
1487,08879365062
1567,50389946353
1658,03584952281
1768,24478167958
1840,99827680317
1886,42852872599
1986,43160280139
2097,14432955586
2226,20057134556
2293,85559019113
2394,99422978143
2504,39445597091
2606,23558926764
2712,68115767945
2818,68730081572
2942,74844405446
2999,34230156289
3113,59761911767
3220,4528886206
3277,9660200582
3358,87541183683
3439,18058904858
3486,68479533789
3515,68646665461
3578,47764096151
3651,71747290143
3695,19767617738
3717,02515179851
3740,80203208876
3780,06924841556
3827,88364376308
3868,32142201174
3885,23567308139
3913,08912319896
3935,62852295533
3953,74858429442
3962,33428729263
3971,69305337361
3976,0619537902
3977,84761797303
3977,84761797303
3974,68903635458
3967,63488737212
3957,01424863671
3949,61957204603
3931,01512732885
3907,82104084554
3895,07282489914
3876,7532972596
3835,44613148028
3799,98603422194
3758,05922629919
3714,1536754878
3681,06450139128
3648,14316736137
3621,73772459853
3569,04025830982
3521,01190352083
3451,69256770751
3387,75503580431
3303,59317770627
3214,91759151682
3148,33312848582
3033,91482012295
2990,5862487832
2910,37166772039
2824,7623206053
2710,47763200343
2642,23619573853
2588,16729890718
2472,18188947323
2362,04301134157
2287,54803355513
2155,34059386793
2040,3718660432
1986,2527689685
1890,99083456179
1805,02115763957
1732,3638379414
1635,97329641659
1547,95550447793
1497,15252888877
1430,6472535217
1373,73846238264
1295,47385346632
1258,13835116249
1194,25383105373
1137,50433645482
1092,68669489818
1046,80203572465
1018,04663802794
989,56184769882
968,432766582547
955,682887247455
926,499174255018
914,194327136121
898,109260566112
883,857501851788
875,804331801269
871,833892747211
871,833892747211
873,650720692382
879,129212519984
887,784781276453
899,813528094969
919,539413680102
930,763028022251
945,836569488743
980,738634888887
1011,59822761388
1032,46610212021
1086,44704730006
1131,23921067433
1158,7318471883
1221,2148437771
1278,64629890008
1317,25379757377
1396,40096503452
1463,30384909639
1504,55598709773
1597,86163884503
1668,3452088021
1762,37926351172
1828,32767005776
1915,95537848892
2040,26306184719
2159,3779074809
2249,4080929564
2336,64015994561
2464,74716719228
2606,05534303051
2711,20505080847
2793,70146018547
2907,62956684732
2951,99795811452
3046,59955205082
3152,38520187281
3215,64987745631
3260,19162659775
3314,8376058437
3383,82853152874
3467,69897825986
3528,74249036442
3604,84490672196
3678,2723863213
3729,99183890254
3763,58189425597
3807,60602156287
3830,0402596011
3863,8345788375
3912,2967144842
3932,29017772896
3957,89845641526
3976,22250086219
4005,06109648852
4016,67129470889
4026,88485810931
4032,197907485
4036,26086517916
4039,83209201747
4039,83209201747
4035,88224733832
4027,74996556547
4013,51840205732
3999,06922160837
3975,60388712473
3951,61540312302
3917,87054760204
3885,59334579417
3859,32303968552
3839,2210683805
3810,52724783643
3786,42028762171
3724,55157924267
3695,45007989142
3660,16017353712
3625,32178264902
3557,7223095489
3521,31019012287
3465,65746567708
3423,33522561704
3339,95937373797
3248,63361855129
3165,20605875499
3123,52323040607
3026,96153060469
2914,34514888997
2834,0241420474
2704,37895694175
2570,01065392125
2474,58640732162
2368,17258203317
2256,56005651995
2178,05162718661
2109,61061066386
2031,58126030811
1980,53185245202
1931,76439427232
1830,77500116271
1794,24499431279
1738,15124274067
1650,99978082006
1561,71584863838
1517,28812464541
1488,824506001
1415,90892089573
1376,5311850599
1332,31233258451
1286,84745193855
1240,79298439084
1200,75166109441
1167,13789288442
1128,51740946924
1106,24618077786
1076,67825650579
1062,97565083856
1043,19809513082
1030,05340262551
1024,66700446621
1019,8376142551
1019,8376142551
1023,70183269122
1031,30536025683
1041,38531415787
1055,22125391067
1072,26898979656
1092,45960787674
1124,36006570437
1138,31938356393
1155,83301184582
1177,79028083327
1215,41339838896
1237,00873957109
1260,9133463815
1323,15457178814
1367,90406517043
1404,95025529058
1471,60695331323
1549,80779434157
1597,9667983311
1632,19624883364
1687,94468500555
1792,45891504259
1860,38843266916
1976,74461444921
2099,43190054398
2158,35312081346
2290,45204790019
2392,84971449967
2478,66850947355
2597,03057574823
2656,97047638177
2793,40907971611
2911,98796357896
2959,73992585347
3010,35380130029
3110,86237985991
3188,06216056213
3281,27603750114
3344,76219412704
3426,15253885795
3513,5604144921
3567,59553785712
3619,72149923663
3647,49657711906
3721,54252520911
3747,86701709941
3785,45124884405
3843,52781288878
3863,705416339
3904,95119689418
3947,22090791238
3979,91037219991
4013,50409875942
4024,53706879535
4034,02461571806
4047,99743804056
4058,84599783404
4067,46796059149
4072,02335668201
4072,02335668201
4068,41225512174
4063,80029977709
4048,87531250197
4041,77196020343
4026,06398796557
4002,76720001568
3983,34981795478
3961,519382568
3946,20129941475
3897,22827862043
3875,29161212901
3833,54353293631
3795,16619379562
3764,78747919114
3713,7952260357
3640,67834581823
3569,2706645494
3481,18558928736
3395,23466141051
3331,99107693756
3244,28310443303
3141,55715334379
3040,53062414697
2957,39518578896
2908,38793157913
2806,5300979969
2724,06577933613
2636,86790874547
2498,55099010058
2386,95762740617
2244,52449819361
2134,95404685379
2030,32036306118
1941,02599761419
1874,47229157099
1765,85806548092
1688,867603491
1623,37649606092
1561,78201038706
1483,07501774657
1407,72790188019
1340,07868169034
1289,75593236729
1253,1186798307
1192,91008295471
1146,40950464321
1086,62603370377
1040,8735830822
1007,16108345915
981,648173705507
958,463781298351
937,505390276588
919,324496718737
905,461011913351
887,534107307062
868,30258074758
857,009984930202
850,836139208402
848,504011281066
848,504011281066
850,320656031206
855,695685982869
863,261926732921
878,118279812909
891,316247671521
909,983812235285
942,92768073249
973,05236489033
996,465824590123
1022,44817319207
1068,39394732847
1108,31524513195
1171,72390766522
1237,89704783411
1298,58748014873
1350,60023806784
1434,02405079331
1488,34369044363
1523,33345537151
1561,8933178175
1636,59809993033
1708,19529078584
1757,88101279543
1808,08166788801
1902,19795083341
1961,10674528844
2052,19495239692
2112,89544379706
2165,98765633658
2299,23139435048
2357,96349714027
2451,54724221515
2564,68230420243
2649,84331869435
2730,15557122268
2802,08471194317
2875,61517899108
2975,59070705774
3049,62132428832
3145,20128665656
3186,57724877039
3276,04637558232
3348,78901520454
3420,0346829362
3484,14823072379
3545,91991433994
3585,53053522895
3626,24933287016
3659,70212412673
3694,26015741856
3737,32316968139
3751,66767715011
3784,90884857015
3810,84776167797
3833,58975370349
3851,1387058702
3856,39449315909
3861,877870202
3865,20278067337
3865,20278067337
3860,59338720077
3850,60871670206
3840,92419241753
3830,46147862781
3808,92542634419
3790,4270521305
3763,09370149148
3734,426063257
3718,15349179467
3676,03083710389
3653,6627964157
3628,85652569302
3603,06234175094
3553,36289943119
3514,35889148822
3457,23860656403
3394,95751898113
3349,98349967489
3292,6554143868
3209,81399321221
3161,07869545746
3117,79699362634
3049,70349001684
2975,39713722905
2871,48623969087
2783,50365665361
2698,06684288261
2621,55082619976
2486,87802351633
2345,81978806798
2201,15924558966
2147,35946932219
2037,6706092235
1954,38157716504
1866,88029628024
1774,13186841759
1661,09745556695
1621,55863414436
1535,87141134196
1501,44087364266
1437,48000569834
1376,459359258
1318,09146355283
1276,62838986762
1240,94875991699
1206,84740412212
1153,28018220527
1098,61390853934
1070,37610784346
1025,17664268388
991,002203214912
961,030002726564
943,855807017
930,079441566521
911,829415908312
898,826971921211
893,014900319438
889,285300979056
887,399781470061
887,399781470061
890,46896652573
899,925159696297
908,491597832252
922,820468199354
940,051761315381
960,184408821405
993,996980391594
1022,99647185082
1061,00820112477
1093,25358743077
1147,31052005383
1169,3808926996
1233,37107119152
1292,81003547653
1325,23040155115
1400,86146245983
1432,26040190579
1506,10645376352
1597,80711883654
1651,74300309584
1730,82105359799
1795,62644966441
1838,78651530348
1929,90351924125
2005,19747651269
2062,53479402009
2144,04473734587
2280,22025687009
2381,47760418545
2474,29702256773
2589,63759396674
2652,11339189304
2724,98411291744
2821,64907411826
2868,0855416777
2963,73906084976
3078,10511302891
3137,06632010347
3175,13864291217
3268,85129501136
3334,85864736443
3422,20308962924
3502,82661329776
3556,61711068045
3629,79996704099
3671,99000776295
3715,48148432924
3759,63805631174
3785,36499757414
3828,57394769255
3869,0195204476
3903,75286792191
3929,45026182699
3944,25185821838
3964,17323477217
3978,18303585666
3989,88310376177
3999,34944330374
4002,46040545053
4002,46040545053
4000,44425465187
3994,19607153358
3980,71471421081
3964,87534210623
3950,40253355419
3931,34155825541
3904,14939664342
3873,08379736872
3836,3059381099
3787,86294059107
3766,10167417028
3711,72758048015
3675,89904722566
3619,79629303629
3554,35436700751
3503,18226137579
3418,54094956778
3350,25127304574
3290,06942902074
3203,11787239576
3100,99765193384
3044,32247584731
2962,53717405684
2848,90000712385
2732,75833111773
2608,06055353165
2547,10532815293
2464,72777041283
2387,52761080202
2282,96241883249
2198,01740215533
2147,06702882908
2061,40738188975
1964,44095673712
1861,58991754129
1811,9841659963
1773,57863362269
1676,99169832297
1577,40781115169
1529,61956316665
1460,61028568956
1397,53292995312
1340,84673389133
1276,86663864888
1219,11709025383
1168,43344568745
1123,45305582747
1089,71698022046
1054,62241060005
1023,23265338622
1002,81399754628
977,838546198094
951,930744408284
937,217173604548
924,831781161402
907,195192474805
892,89864081636
887,888179511242
885,193760415316
885,193760415316
889,610353566832
894,690266173031
907,604527352035
922,327977068406
939,308564697533
951,975424199816
979,84736223232
1017,5963768895
1057,83082457701
1098,10554757859
1135,2423478796
1168,72943870819
1215,09809926234
1280,77087405639
1319,88129554543
1371,9227628737
1409,1772062475
1482,20813400292
1563,87313604224
1645,52445460368
1728,98503855056
1811,73811868147
1862,24658740866
1962,57035666342
2078,82849680826
2198,04208144765
2249,58639541
2318,81536570788
2411,97095837536
2539,10858770325
2622,65512766518
2745,39259834543
2828,46481901832
2911,19959552362
2992,54675583567
3094,36373666597
3194,82187837664
3267,31204008481
3366,98429407101
3440,71403878308
3528,33394709586
3608,26748211477
3661,28667801756
3689,01665758528
3737,56848797787
3780,31923802196
3843,1795236095
3865,91513482974
3917,85131334227
3948,56120287218
3966,8780155217
3997,93947909707
4011,62310516382
4024,69795880903
4033,41742452005
4051,40073341926
4063,25000223467
4068,11377204013
4071,29807244115
4071,29807244115
4069,56222530201
4065,41771738964
4053,30330142594
4042,21700826297
4029,03862163612
4001,74072096904
3988,40433905758
3968,29230952928
3939,90720656463
3902,6418217602
3866,759244795
3841,85551426615
3802,67336050716
3741,3698120538
3706,39123623091
3667,49250094289
3608,84450167131
3573,00285886414
3539,33714502305
3498,55727768591
3434,70771292599
3355,72169400863
3270,46608109514
3182,40715384595
3131,60206464194
3013,45279858143
2938,35341076523
2827,47812606354
2700,48495758813
2648,83425812648
2507,65351509799
2455,29651028273
2403,5906542474
2346,33868218307
2289,79049379384
2204,32839548339
2101,27459491662
2011,79968578825
1949,96182077795
1912,62908021033
1820,54250584552
1785,9912192438
1720,75324925939
1642,49431737504
1601,56532195625
1572,84609419581
1533,93373246488
1501,09095349493
1458,27291626713
1413,09950403392
1387,14898892623
1356,76381249063
1329,57007309324
1318,93103059254
1294,15650593776
1283,07597160793
1269,21320864273
1263,89792811307
1259,13159932435
1259,13159932435
1263,34700842466
1272,53134917818
1280,90234410758
1299,11957147568
1310,79273735055
1335,72919475026
1364,69779675036
1378,39298421985
1414,7931090656
1434,75109885513
1453,43742380079
1479,7610503108
1542,51280897336
1601,12029090032
1652,56467121229
1689,68889179702
1727,15774874614
1794,08350678428
1847,02926949847
1925,69259875641
1993,68680227642
2095,43032964401
2170,0623329504
2212,02256999616
2264,05180034183
2316,53961762236
2364,1437222207
2412,98536341621
2493,30471378982
2567,68203390266
2680,80626890489
2781,95131051212
2855,53782758561
2907,92672507989
2954,21609506983
3014,35058437335
3121,78702199216
3211,81525848657
3254,31075687022
3346,41202667173
3397,58014207205
3479,43775087181
3526,08289754922
3596,71614215867
3667,28794255943
3735,18108981126
3786,26558695435
3823,5027890498
3870,13422811643
3914,06111312365
3945,23560128729
3982,08338463776
4006,39802184254
4017,45284142785
4033,12701348982
4045,24210562397
4056,12284494073
4064,81110289606
4067,27091670685
4067,27091670685
4063,51421439796
4053,90126241941
4047,97740232493
4035,96893131157
4017,75443624212
4005,01729707545
3981,12573230847
3967,10721432096
3935,67431528152
3908,88954735232
3872,51834010124
3852,19945027828
3810,58955593916
3758,96001235301
3689,89050416038
3629,07722192541
3578,50139335737
3545,39005528998
3493,46783286199
3419,7632929053
3350,93712151094
3293,46257240207
3180,09985821093
3075,82344143224
3014,86227830555
2911,47481848942
2808,08938219744
2735,19577293899
2604,51137778404
2477,14976458522
2423,74628651984
2299,11587688643
2192,45653220411
2094,83409887094
1981,64913026537
1870,46603259031
1812,62435154723
1736,06818551713
1645,13879205107
1584,53911005498
1500,68460305176
1450,74272408573
1401,75111479595
1363,23673709213
1294,64901315032
1231,96136347032
1175,85388595899
1134,229563406
1083,07159860373
1051,37469776271
1014,44297794925
976,483236093298
961,164571801741
937,856548283181
913,741988522034
904,578946837958
897,391838423158
893,765983206886
892,084742974838
892,084742974838
895,947093427
903,023214780114
917,381059596802
928,253442474292
947,714952600365
960,068998144349
988,272884229634
1002,90636896136
1044,94078196427
1068,11978827221
1102,44333029761
1135,65171076636
1180,00811302647
1227,91575594475
1259,45044931464
1331,87059698092
1406,82403696863
1489,82674149633
1533,598667582
1596,69264756299
1668,72276780214
1722,05532979859
1794,18452762495
1905,01161651686
2000,01746316286
2067,46443521268
2191,89666940376
2248,65305624607
2378,18234215328
2528,00526052543
2619,32482348646
2717,40035889782
2837,3311414627
2926,12310955353
3023,25167762189
3091,66194332298
3177,88666389474
3222,40971613787
3287,88147013768
3379,28733704966
3419,5742035562
3475,77000552591
3543,53934666384
3614,22876806738
3674,2986613144
3738,7616883197
3764,61337265308
3812,86392209253
3856,66139109603
3875,86581391322
3892,63525316149
3917,51991673257
3949,19524421878
3965,34130234986
3987,24657636628
3997,15872453238
4004,55814633808
4009,07372828763
4013,79937669905
4013,79937669905
4009,30316323149
4005,3968058311
3991,91095547995
3977,29665444106
3955,01686322659
3937,49968795843
3902,74488380462
3879,19952889091
3856,02150786871
3822,37462841473
3772,95480691888
3745,00310344311
3688,43094255392
3622,2734440408
3570,05477885718
3523,66594527553
3493,55762145958
3435,71940011921
3349,84902891866
3279,07906152963
3200,24520978576
3126,71081858611
3084,47798511377
2969,50937700124
2913,10205287832
2823,51548643093
2749,21891193645
2614,42312911514
2507,33662309932
2377,54351119862
2285,66111899633
2172,42343001103
2101,75130848777
2008,73456215194
1962,91495171511
1863,86301100434
1794,22815302273
1695,4143311419
1591,59342639533
1536,85894099073
1474,64304637846
1406,23409093182
1326,25010333315
1254,99116826569
1214,3698153409
1187,5004737991
1151,33670429296
1097,7019697417
1069,16803878305
1027,34808344814
1001,58924191643
983,55454393207
948,775832050995
932,229962554089
919,445720961989
901,048243923289
892,117683897003
882,943084596007
877,967544754329
877,967544754329
882,225706974148
887,758339018447
899,366348599718
911,385478807946
923,415859447984
939,596887563631
961,127583516974
975,807653991104
996,204703296318
1040,3777565576
1069,964930426
1116,17790731113
1172,21884058969
1197,27990213267
1232,70360456983
1285,99828619091
1335,24187694082
1391,75380152266
1481,01100549149
1542,52555224231
1624,50319691538
1677,50414354843
1780,27898872672
1844,3845082413
1906,25413693934
2000,33920644953
2083,82666836593
2162,6099391317
2262,14526659055
2410,53019499043
2527,03776809094
2608,00653979244
2666,20505637468
2773,76123358981
2833,32249422479
2911,01129186154
3012,57811900271
3051,39356376746
3121,15498741289
3166,78555877341
3258,59422350004
3306,54471123197
3343,40206581947
3383,30141426839
3445,78814070398
3472,54233090713
3518,59474212409
3563,27624046008
3595,68129879454
3628,16392701577
3666,16641779096
3680,07896012941
3693,8669636623
3719,18317866396
3741,97694337708
3748,73197830999
3760,71678706323
3767,80278013451
3769,6716122351
3769,6716122351
3765,9555701458
3762,10152549767
3752,76582257252
3736,62244697022
3713,52468155644
3700,08764689016
3670,89922656502
3643,7333570345
3607,09876536489
3588,58092523036
3557,20593754227
3534,20774599423
3493,82028184698
3437,96863084254
3388,06229992602
3329,84452576602
3298,15809507924
3216,61635575813
3146,62289721113
3066,75562278216
3003,84960928878
2917,05284603346
2810,99437875331
2730,81117486231
2662,44945625423
2600,45375474594
2480,35214853334
2359,12129235568
2260,20069652091
2144,60776660651
2005,720293003
1888,29398840741
1766,95764623829
1691,41246496222
1648,30170041492
1542,90990446985
1484,51882805187
1443,16891846782
1338,25033971415
1281,90658220256
1207,73162547393
1136,64908005234
1098,487164847
1045,00256200321
980,83263326242
947,935968246124
900,336924658002
846,787703326027
801,040191523593
765,050876257808
726,174025555531
689,531085934891
658,662388161907
643,95412266516
627,617625284139
620,06491490953
612,353262067314
607,165079429045
603,292827386544
603,292827386544
608,252871949186
617,487759412802
631,540366121662
639,962435166022
662,133047850242
689,950262134249
703,541818768036
720,932039611939
764,9099334911
799,529518551593
824,314991679342
882,917782995499
904,883505755513
974,540356558066
1028,70437558913
1077,06265033474
1107,61427658499
1191,88477287157
1226,81784133822
1298,42227940452
1336,95476837625
1385,70249774759
1441,70587323608
1513,01566369428
1582,65726044199
1657,98817492384
1715,76640337198
1849,74918026
1929,17291977326
2035,46558901844
2122,14957333968
2248,15367054341
2346,06442635463
2443,91433984922
2557,06548365317
2668,19347871538
2734,79264077488
2803,78919681245
2873,93501175285
2964,1680438898
3037,65443950394
3122,97270376451
3185,94106961241
3265,56946924759
3296,34009913914
3365,13026690427
3397,4067472732
3442,35711255065
3496,66845928567
3538,35956712022
3574,79811134118
3598,56613819343
3610,3460300242
3636,84559975992
3647,17425891222
3662,48877880279
3668,40156914126
3678,24163602273
3682,77530882482
3682,77530882482
3679,59789563805
3674,34989669796
3666,56331232589
3658,46580316396
3638,66913382678
3618,43810267053
3603,87124327812
3588,7999088979
3546,2768561624
3519,73970470938
3471,63266780241
3425,98647258368
3378,09242650157
3318,47632821734
3291,56307806023
3221,83715168317
3149,87057776029
3100,84677425097
3056,41463452938
2973,24512186922
2909,56369773775
2809,92861409358
2700,20266057079
2606,10427486141
2482,88272233892
2382,37539313922
2252,1340987849
2171,76463525902
2030,00806760431
1880,13503767479
1824,59069304072
1752,89531651864
1670,48355783902
1625,8553929336
1505,78487445637
1397,73435026069
1305,30930041583
1234,7618200559
1170,91565094931
1104,95696198271
1026,04936951432
987,830324957378
909,237957242521
835,473578295425
793,519874666128
753,413083327505
709,820132316782
684,494252710678
662,478595561105
642,621653774266
624,875794485308
607,384912205884
595,165409530434
579,194827408465
557,348435237389
543,851207602078
531,247680216522
524,225726670535
521,519047785481
521,519047785481
525,846587300384
529,746883526171
537,874481575349
545,784849074724
561,705247319011
576,084669873934
593,625325985233
628,378522451988
662,832255540182
701,448568474244
730,823144351205
775,240840296528
815,521747934254
874,653769905207
904,901406338082
939,501044923052
1022,41753762157
1055,3214011079
1106,91319286757
1204,48715840598
1250,66868540319
1288,01586543505
1378,27306908863
1453,02184390899
1496,04107663782
1558,06010057594
1687,52955083387
1735,58758492919
1876,08207805288
1947,31478174014
2049,39954748892
2176,53415917956
2253,26104768238
2375,21798980976
2432,78855142857
2549,60201264884
2645,32469779811
2696,68194524013
2741,70136336704
2806,67727618867
2853,47867580914
2899,36620209957
2947,55533795147
2981,47615372815
3043,23773169653
3071,64623573421
3123,57280286351
3167,45654966253
3201,11249744944
3239,93145479817
3276,97152108977
3308,71669288122
3342,49318014093
3357,94771362544
3379,85838426814
3394,44252655505
3402,57287578467
3408,57595034653
3410,40082554662
3410,40082554662
3407,44919226852
3398,83117903746
3388,15757028518
3381,01322383046
3371,15076961748
3347,70081722303
3321,24487859798
3299,74907470778
3272,06128305541
3240,05300061159
3197,95404399883
3159,32515793681
3133,63349526746
3073,61543460374
3023,44036863734
2980,77269530037
2900,37571323277
2845,43150141778
2766,58119830066
2669,39445731745
2610,43642885615
2538,93278293495
2466,71176614242
2385,01810969708
2287,91899482157
2219,57869989778
2099,42062142977
2017,65119163909
1918,66456841212
1778,55340487877
1701,31679508508
1621,23822387288
1490,9925450917
1409,36568843792
1346,22610662733
1304,49162466971
1247,16372526972
1200,95966025378
1102,55146287112
1006,10076522661
929,145762536587
879,586919586292
817,417704967044
744,234800076066
680,803928814115
627,02563890195
604,540197336831
574,918647860138
522,128130242753
496,138486785102
464,376374032678
440,857758141366
426,808666642045
397,00373175492
381,396092943099
371,768052293965
365,179995472315
357,739780872473
355,909601102695
355,909601102695
359,553097521212
363,068483360764
376,719722861914
392,903077354609
404,239270484962
421,706164993053
441,621579224377
462,11518884114
501,345363046513
542,32503593309
596,123940278522
652,993634727935
691,012661548337
732,272729547976
781,739842300337
830,708854126608
911,326958019283
941,344392838892
985,223687466648
1033,05371736086
1081,8542336751
1187,15882305156
1230,79388425567
1309,93593546404
1424,88554086764
1471,02655030679
1535,3460532087
1626,58482108494
1708,64271259571
1786,72747442114
1844,20419008356
1926,81379309862
2039,79407291306
2121,44278196142
2234,30050694196
2324,54441105305
2382,52003335278
2476,21456223441
2558,84310178715
2606,82522878058
2700,84108955964
2731,39158802405
2788,99786254577
2849,78044866186
2910,18966391071
2972,47772704615
3013,33632413376
3034,48777131868
3080,31357985625
3129,34817179852
3166,53093703007
3196,74159032684
3218,8437273767
3235,22764626202
3249,48711398111
3258,87028949515
3264,05720043418
3268,15401596164
3270,31166172523
3270,31166172523
3267,18489318722
3259,13374742375
3253,24250701423
3233,58515373676
3210,55933274355
3197,61445631628
3179,515499037
3150,55850393863
3105,6855842777
3081,58817872945
3062,39049054638
3008,14425529205
2954,98387360712
2911,31708610243
2862,67374861023
2803,65443130349
2731,04934274345
2681,08342239761
2593,22765509205
2511,70104597852
2409,36864464359
2332,29336672414
2260,77368890825
2162,25955312168
2053,26353298419
1942,24476276458
1852,96259272438
1748,27255134157
1632,16082290536
1542,60830146072
1444,18484906318
1379,22970796666
1270,17472826884
1157,61092403948
1042,29181281475
962,483528286288
875,531967478896
810,888408571895
751,813392286101
699,890649084261
645,902808578329
607,221858487722
573,985623790565
545,013099409801
482,450447273805
413,339073775183
378,549855616199
356,635261181106
318,297816019799
288,77700748874
246,255927999933
218,351512645224
206,532910003574
193,763020962366
175,093408476915
164,410748872631
156,392944106549
147,164087869303
142,311707012034
142,311707012034
144,207540497125
151,541842510865
165,769997487824
172,477391809602
183,233493312681
201,608668236655
234,641257490174
258,821890008242
286,193210850249
318,267881172523
345,788036454835
368,891402596557
407,303698352679
466,551624951675
531,885717574919
574,811294386075
636,59690200115
711,469075623807
757,0764824261
791,652266245017
855,357651355221
954,106332865748
999,061379922737
1099,4946018573
1182,88234420022
1295,24678621608
1364,09284234393
1490,21565293282
1554,61453351019
1700,40493288639
1771,45685986295
1852,05405228479
1917,5297905338
1986,70749957209
2045,5266848434
2164,53860564524
2277,22139515629
2333,19770780851
2374,5687299018
2464,08553969693
2530,86706007483
2597,02544758501
2669,07637279903
2724,42139436076
2782,53608326623
2813,92669181755
2856,5214005694
2904,27859655237
2951,28183086074
2997,28342152307
3021,13717309019
3057,45745067754
3083,80422252873
3104,50022220355
3124,67206663282
3141,5614829988
3151,55137112669
3158,60810516881
3160,97139538854
3160,97139538854
3158,54059246999
3153,47245255414
3144,5197864736
3132,46149686745
3122,21016395785
3101,22658640979
3086,98925396442
3060,37636983536
3037,91860477514
3006,60987518647
2964,23164361509
2941,5526946098
2884,98225398128
2818,01052262138
2783,50542119557
2708,55835933637
2649,35351097538
2609,417056046
2553,27607586511
2517,53221064846
2441,35743709499
2387,91752092288
2275,13689191553
2181,20891232798
2077,12596602138
1955,77928657757
1831,05413091728
1697,94661935478
1613,40508946842
1471,7530759013
1363,83240199671
1243,29525182953
1165,45955209626
1105,16167195133
988,227656384259
915,230784729851
833,180404073332
796,472416601518
718,754819434642
640,687383748134
583,010730623738
521,988473055878
473,380604317278
444,020505762823
375,421808326502
329,734384446126
296,085983138881
237,638090864897
195,766111261102
161,274928854751
134,677058682471
98,4049947955975
68,7747315024526
45,0402075114534
35,507926953572
18,4548272487962
12,7218698420197
4,3751922386582
0
0
4,21449170100868
9,41629968478787
22,7624681620373
30,9239237232089
47,9559692917185
69,563455804979
87,5675389035141
121,551747504413
160,896614029024
188,142546913497
241,733910907091
289,30305387249
339,837350413748
390,664043201753
459,190180073891
488,733749063872
558,342178560952
588,770667961226
629,135015848621
699,720208264446
797,781381011528
899,039482118425
985,169895778023
1075,88222377742
1180,40723736184
1278,62026717993
1354,54813607326
1450,23975853897
1595,02080025463
1724,20815634349
1867,52113076199
1968,05748658863
2031,52884358844
2157,46811319413
2205,72252944378
2274,18246397478
2345,87614685338
2452,39834691587
2534,01770588042
2603,66565699549
2668,56833556911
2754,99775253779
2789,94707663774
2835,460301062
2884,32939852712
2910,98978870051
2949,54435670261
2998,16951620307
3028,90157359911
3049,15225076294
3074,82302303728
3099,03764332212
3124,72371894776
3147,20471441771
3157,29949670951
3169,94518287244
3180,01368378057
3185,67265393399
3188,1639535864
3188,1639535864
3185,26649768399
3179,65245070851
3165,45984012329
3156,11402132367
3143,92762177729
3122,71359271419
3101,93541113998
3086,58649044108
3071,11527843841
3038,60222157259
2997,0554588605
2976,54275764317
2923,51486531948
2862,64992398411
2801,06543413956
2772,00748240746
2700,99604465502
2653,91324530926
2571,86490298646
2472,72676157892
2372,98929948033
2329,21633730606
2233,99545585845
2123,0960781553
2064,65733002622
2014,56489849582
1886,12348285789
1830,54589734283
1725,71404704236
1583,52081873696
1484,06017203461
1348,69595141943
1232,62848272266
1142,71148840557
1019,09626487988
961,167136705247
880,890621413736
824,757024296446
749,743689107589
651,217448890465
584,92550026389
530,229121139379
495,510318267086
427,084131320977
399,600852201506
330,151972118835
287,874523967601
257,425587412788
202,729990182473
157,400904338527
134,103593062191
98,7756450988543
68,3517191791987
51,7790795599317
38,9173532489606
26,7097413912609
12,1087988910454
8,37272476173825
3,96092074486705
3,96092074486705
7,5195627523824
12,1574840906489
18,5218092714683
32,0368424439964
49,0060404442891
72,9933680600136
107,475339543295
127,75878230083
162,8968812011
207,831508542642
246,894062655151
289,374395414584
353,282801972212
418,495643775364
471,554612854908
534,986335294469
570,605276061968
611,175158818333
653,780492491606
714,886507749659
810,813727138631
895,297136717458
970,883186592665
1029,36340372281
1131,01069809062
1249,01302118196
1379,54638915503
1427,3717189436
1541,94015533288
1686,87363607663
1781,51459759327
1829,5684460207
1922,4764415059
2031,38030368123
2092,82776816336
2165,80098666443
2238,02047628817
2301,60707198624
2403,85930155584
2485,37783712709
2578,62964319312
2659,35728037545
2735,53859213703
2775,91631077583
2809,94837648078
2843,03349400391
2866,80966843237
2892,22753404278
2923,76402214345
2972,90833893367
3008,90331703653
3032,61003409789
3066,13152065057
3083,64915825519
3107,58192774184
3127,50264553625
3134,0560382313
3139,72419609613
3142,71440037575
3142,71440037575
3138,50386679413
3129,49389576888
3114,7727579343
3105,69671863567
3090,66299413983
3076,67053663638
3055,22809581764
3020,06646514718
2977,68272338637
2941,01357882269
2890,29984252153
2835,63632012219
2808,55218432155
2781,2608041496
2715,68779451494
2679,37050366046
2601,6237499068
2556,31517453491
2508,60283638674
2474,23662102435
2423,25226869508
2378,50898659641
2282,91197506458
2206,81475236941
2114,11642705903
2034,76223233533
1976,11404971892
1896,03303639266
1807,81897419962
1705,95761134101
1569,38649836045
1502,68209382628
1447,95037128945
1382,85578582802
1338,6811028958
1268,88963884001
1161,22408606091
1052,56059939704
1008,12547966362
943,135244839266
872,681629035783
837,161514679355
796,53222953972
761,49929999366
726,861765929588
687,585375936508
652,866248701636
605,032600970022
577,240661858692
555,01319097666
521,286139801587
498,886034301118
472,101336284742
445,906029238476
425,362151106987
410,123876587079
400,666728155066
395,323248433564
393,292984969429
393,292984969429
397,51217982383
406,3425162922
412,198573581655
432,153227187453
453,746349408948
476,020667393545
492,158780916201
528,894854886718
555,136190337036
575,535449175568
601,378600035349
658,37705375163
705,779531121151
757,716287842198
831,4725465086
880,44256816173
949,105481608974
1031,44156509301
1088,92071614457
1163,93593548049
1261,40304395296
1339,23447283803
1402,67465828654
1493,67719714779
1588,60828395014
1675,46829846088
1797,98978518213
1845,42824311978
1926,01409507963
2039,93675187926
2103,01556632917
2220,2053578067
2348,65602805061
2392,48864749407
2474,58432206244
2562,82481232401
2658,13276761513
2731,58629919243
2831,3271925069
2921,22684444125
2979,81441878162
3037,2439879205
3097,65578301359
3157,9926408523
3210,7190140115
3240,2792120408
3271,14816340826
3324,75072531872
3349,55827872636
3392,77032056409
3409,48949745755
3432,09447643429
3446,09374544401
3471,68170914132
3487,48318871133
3496,08744230172
3501,53702638183
3507,35704996966
3509,78456680265
3509,78456680265
3504,81878720992
3496,76824834901
3481,98709686767
3463,17665576539
3440,50276244626
3428,35718570278
3395,5736385599
3374,62100150356
3353,42456208081
3317,68934912251
3270,76083813985
3226,51135997839
3172,86312498596
3110,61648859516
3045,80137211246
3008,79107074368
2942,32694264066
2886,03107144794
2833,32777035422
2787,75280770586
2690,24104458136
2638,93840905074
2532,91928647532
2457,71718038916
2352,05216008334
2274,76657190427
2165,73509963108
2080,62392166767
1961,7380473212
1880,14790134046
1829,90555099052
1734,3745796232
1633,7743419861
1510,88952325636
1447,16368500244
1369,69704332049
1259,91235115251
1159,50016792685
1077,59699885001
984,524328232676
942,826337584368
880,582158418332
805,208374311623
734,357581416155
701,372767923417
672,28774012949
630,951207483164
586,724337968846
534,070872209222
501,080656878687
481,460089677227
466,066122476197
451,968586566066
433,797004535854
416,636402571248
398,646739553029
388,9721654537
380,739364611949
377,632687501282
377,632687501282
381,047206255318
388,622587463021
396,313353172959
409,875932470837
432,883621886318
445,197319160307
457,613698527812
480,862438501415
503,269015705027
520,835829986803
564,514659565336
614,289343507318
665,99644288467
703,018632055268
752,772400366501
794,392215417569
867,289045039698
927,630715119945
1019,27756861284
1114,56983402895
1182,62549283416
1230,66862824404
1336,73394379287
1439,43965748159
1515,95857873759
1607,07099681972
1680,71483879771
1760,61956754061
1895,90760670179
2045,86597718804
2150,82564229882
2261,63142847206
2384,21172021619
2470,4210633771
2523,7256108459
2628,62099723671
2670,96310831651
2725,42194139154
2777,34385820603
2856,61501278322
2941,56002952945
3016,82174202993
3087,65300029857
3135,67764766856
3187,24249370578
3219,790108314
3253,14299214778
3292,44006268794
3321,33022211787
3351,7968498885
3380,22915589013
3415,06001530295
3442,25454595355
3457,39075202684
3473,23402233805
3488,74032405069
3494,99320498822
3503,42405695395
3508,17971279527
3508,17971279527
3504,85806054041
3496,44874248799
3485,21335668484
3475,78528011953
3453,2509557949
3431,65369913835
3403,41193026401
3374,51990327853
3351,54012793591
3330,29921239721
3283,16283811186
3260,37193926224
3235,30321216846
3188,23687115369
3135,29230690342
3104,36008946242
3022,96250208574
2979,57734980756
2930,79352516795
2866,26983641861
2812,73317499834
2773,13632346836
2717,32802557634
2605,90344746872
2499,20134627378
2385,52783533257
2322,18402625629
2233,30629411928
2145,86336463342
2010,42426708484
1873,22028652759
1773,79217175167
1727,94985730726
1636,41557157493
1564,06013305177
1493,6906314022
1422,12490145216
1384,48202301646
1291,5645455685
1197,74436366329
1153,82745584185
1098,98845332627
1051,40720319534
984,369644322914
944,618970216849
918,074643371971
882,36296580283
829,634470254943
794,936655155973
766,540020392992
733,11357203783
715,362326760633
698,892172628031
684,121856013834
665,444008064041
646,928323798468
638,675589508846
631,225049011202
626,756929698596
626,756929698596
630,989511285126
639,340510639675
648,084040152102
661,04606967856
682,82934023587
705,086227177371
731,76520266885
754,781304335429
778,536111083906
823,544029507417
872,32971250576
903,99378301684
954,787771018743
1023,52652100467
1049,0061520144
1127,3156100856
1204,39086304018
1235,85711310657
1287,63078930677
1347,76824793053
1412,16562299236
1458,80745312997
1556,04792172914
1648,89173659988
1771,09037454213
1843,13836751729
1939,50045607573
2039,19161191716
2134,05085513634
2194,17880413395
2242,54034186444
2292,18078372558
2363,31250423642
2416,4123714846
2515,27930938729
2580,16863480528
2677,11312379864
2785,08971752681
2839,54916394838
2909,91145023529
2943,68629607078
3010,05954801108
3051,27404926171
3107,9182441096
3148,8510803027
3178,32473243276
3237,46252665333
3290,33238972242
3314,72303645517
3340,28725517539
3362,67006470325
3398,03959970271
3422,70977688924
3446,97999696417
3466,89543986005
3474,07165831532
3480,33738455207
3487,215207498
3491,71194882755
3491,71194882755
3489,77193938557
3481,68808215376
3467,87452991953
3455,60807581321
3435,49080633193
3419,34639467206
3395,25230575908
3375,97355993743
3341,95791491166
3314,85582596305
3288,33801584008
3268,25362699723
3239,21974588382
3174,80892597689
3121,41501215818
3082,78951006295
3049,09507945914
3011,31193646136
2944,55561124854
2900,23904247453
2840,3139179085
2742,42338095982
2692,41832573234
2630,05163968698
2539,15829822227
2417,33607826475
2330,6633919302
2196,02422033174
2118,3624226018
2011,89793048825
1920,54719056804
1818,15461216253
1734,62039450243
1675,53751097474
1625,27711320992
1556,96030483517
1484,46144558775
1440,81460030865
1383,7856400504
1336,65521076492
1248,30615565723
1212,68002173678
1134,67213627091
1077,39624782111
1023,83818101782
960,24029303974
932,813775362204
895,496845823787
842,274957424467
799,759267889781
782,354539082084
750,103979811585
731,1000627362
702,999152345426
688,655659027236
678,155993341074
665,368680199779
656,228889281811
652,306110475819
652,306110475819
655,612898981483
659,294775077588
672,842986765088
681,708997558666
690,079139845171
704,544908603595
736,630735823401
767,884820941626
799,821761432796
834,846613397749
886,594943407267
917,723109283354
949,792799090403
986,960883366545
1027,04442774894
1100,85927612188
1178,03416763341
1222,55954698313
1269,81774556054
1337,70213721601
1381,90977920789
1420,4603451314
1463,57511922185
1529,90170764499
1638,29722132765
1743,72436192836
1805,82203892874
1867,03374201061
1986,44533233784
2102,89430062188
2155,07240767749
2275,16775303062
2406,56102916764
2457,40791313462
2563,17953180747
2608,00907895419
2685,81640631076
2736,80976348625
2797,88402734769
2836,60515993908
2890,70007799071
2956,31366844893
3016,92309211175
3055,28528592019
3096,49368858888
3153,7752435731
3191,88750079766
3229,42540470329
3261,20643159819
3283,35605116174
3312,63590556149
3352,16396214308
3369,94654282925
3387,37031480641
3402,86295900565
3412,48119965777
3420,7640078388
3430,0451017994
3432,22115731824
3432,22115731824
3427,53693058894
3419,67504616579
3404,85692523413
3393,64495532369
3369,1880507321
3342,02619461204
3320,81264179703
3286,18289930258
3270,27322080853
3246,37054258711
3205,61453712124
3148,95889249737
3102,45633571601
3032,86716374314
2987,27056232697
2929,64199018881
2879,79774917621
2840,58105784185
2785,89401468055
2711,91667565777
2661,36100418075
2611,02829374964
2496,43232776772
2433,8791619787
2354,15034051324
2264,14097605854
2217,61161840565
2114,19277414254
2016,55155225263
1950,98711440618
1826,72033629848
1691,70637605481
1575,03206454607
1467,17100422697
1410,59917396195
1315,11546922387
1208,36268831123
1161,05708303445
1104,07742429016
1059,2960348559
983,267959142072
937,389723744268
881,558087960144
848,72133027004
798,328035272809
747,580344048752
713,800058679405
666,773815941269
624,695620861847
604,600392277941
579,674436646205
548,126313166284
533,392505604644
522,445867699932
508,354952300441
492,09344015554
482,373383709867
473,287783282941
469,470707857733
469,470707857733
473,158921465039
476,711875525477
485,575548672228
496,450057259348
510,68190522213
523,286405236747
539,019521431694
552,611105293473
573,492627959615
601,578646178004
648,613617345819
670,358336131098
704,108208956866
762,546659040207
803,369826214248
870,152126121559
926,809555906091
1010,65901790854
1056,50565400634
1107,93643763736
1209,38680238139
1283,83280949457
1343,56212983462
1460,48143223338
1527,59896565893
1571,40330850988
1685,09024057619
1752,46111035772
1866,26112774927
1950,34002134282
2062,57455986423
2140,73990119345
2249,23172332233
2311,08521545123
2358,84913132239
2453,34312477537
2542,63323157683
2647,62765468608
2703,07633310855
2756,65986087794
2841,44700460358
2880,98939560089
2959,33538448345
2987,93317557992
3040,83481042296
3104,22072805117
3141,33678012279
3169,5685920319
3222,51903713099
3272,23395620189
3297,82879559299
3331,87779033877
3349,97548576133
3371,72103072286
3389,83099432111
3400,82380481646
3407,28739666238
3417,11841436978
3419,4254078465
3419,4254078465
3415,49539440878
3405,95213477156
3394,98678758119
3386,42394408184
3376,55666239321
3351,91562950157
3334,83614740342
3304,40485281764
3282,55719940685
3247,43744025431
3195,62890471609
3139,8198951679
3081,81664314516
3017,76304833952
2989,78747627455
2962,72224218944
2885,66385154255
2801,71650580055
2735,81939530985
2659,60269548601
2580,1165700068
2495,55903948171
2447,25619629984
2379,23616394054
2315,07160420455
2257,93399334013
2138,14901813002
2017,53740141209
1881,30916995988
1788,73123260156
1700,02796976828
1635,53685715835
1558,02763806486
1462,53858044318
1360,95539760354
1254,85187399427
1143,07766721184
1088,35320843384
1000,87323897636
939,943587125716
895,02431131357
832,489214826291
756,498077714269
690,971574483424
665,669217885316
639,213805907659
583,319895757975
550,801790599151
513,081283509457
490,297885041355
463,660633726351
436,5533804404
406,649756715623
391,625808456426
379,014816119185
365,327894811204
351,433738950374
342,331815148856
338,854287688396
338,854287688396
343,66716636981
353,586160621411
359,928967114503
371,691562715772
389,976862596801
409,047781361287
429,500785208228
456,502292428553
490,118337659374
521,750778801156
559,774011320638
594,997385210199
634,154668594315
672,626934708542
728,723188721134
782,416415061218
836,723992498617
881,507166263106
933,434264303696
1004,46681543849
1052,39933294977
1158,70779251464
1248,45517987313
1356,12511077249
1475,87644094409
1534,39478313134
1586,11000820658
1649,9510006746
1758,18142250561
1808,2075895966
1896,59090275019
1957,37090356448
2029,6406196677
2140,68218111403
2235,26252083337
2350,67869962768
2430,83797175398
2497,37218769998
2583,62494997538
2643,20744235528
2714,00824118903
2749,81197998229
2830,10500928625
2890,20855918459
2932,83245605471
2967,6725824376
3029,23516389024
3086,61955783064
3139,02744800505
3183,78031990744
3226,45203610329
3243,36207177724
3273,69040357276
3285,9572330859
3309,03261419651
3322,76378960632
3333,81084773789
3338,58397764165
3340,66981988292
3340,66981988292
3338,56043505803
3331,9764963958
3318,11569898689
3301,05641100372
3285,99169775036
3272,58368482312
3243,71474719158
3204,50566671688
3183,77215361088
3147,78376865873
3118,00586012487
3085,20066076588
3061,87671687153
2998,20358700734
2967,17958141452
2905,12709744203
2857,28960625313
2815,84805207211
2763,50518465205
2669,40981018174
2623,57522455288
2528,34880169016
2434,24165182401
2378,44633405878
2283,72410458996
2188,21306916336
2133,28579556815
2080,51458630424
1980,27261720517
1898,43418111486
1791,21654120951
1698,11518159141
1572,8802031455
1527,99608674195
1434,62415331414
1375,29861769109
1283,73331423246
1243,18355970543
1142,82175299222
1100,3519917933
1063,05300459252
1013,67306048532
933,11424619663
883,528146303037
847,804274420626
793,271999449904
751,710446652354
703,027829093869
666,440647359209
618,506004988139
576,211510638027
548,092257822749
526,943746585681
508,42687899251
488,441208961157
477,790038704928
468,380213436535
459,970986992105
455,675060385374
455,675060385374
458,010456586725
463,133117433076
474,09568875132
486,822451803283
504,095329663603
527,716414611497
560,669887920686
591,603643521635
617,553132048753
636,425844780831
661,328349195571
713,747540129694
736,573682306289
774,254908920693
800,37520589169
858,543915743259
910,944322396973
967,436622959763
1034,17945686068
1119,21970623431
1222,13213987437
1302,79045958357
1374,06608565589
1476,01514082371
1596,99576504776
1658,99346529226
1752,70263204244
1829,64088618195
1941,96819090686
2089,2497133724
2216,30094092012
2354,22501693366
2487,14999497425
2562,34618218104
2682,90027616836
2768,6442210581
2843,04643663875
2948,33683185202
3041,72492382895
3077,46942560458
3153,94636720991
3185,30618160667
3242,69617273675
3270,1136007339
3333,40736857696
3367,22560506728
3416,43488026523
3445,5371202042
3477,0320765474
3505,21246017199
3524,37730265519
3553,90417092661
3575,74531134485
3604,82734343262
3616,34266559097
3629,25914875895
3636,92296870375
3646,30185289291
3650,09869431616
3650,09869431616
3646,20537820483
3638,17284862658
3632,64647089534
3614,09974412718
3598,67653698366
3577,45674616306
3554,69177993854
3524,86385054337
3495,80527741655
3453,20886076344
3410,93498874111
3370,0810893866
3319,73561963132
3278,7980206018
3241,51841194827
3199,6376835623
3135,33697858158
3090,2412803185
3020,65511289859
2935,20714402131
2890,89954128453
2826,33348805426
2781,30223544608
2737,99830973288
2685,87735996545
2586,70437333641
2464,48240835118
2350,89620543841
2227,10718747947
2136,28201746131
2048,57150155363
1944,60861816751
1887,66138853163
1830,32942125356
1771,91505309283
1716,33051722605
1603,89615698899
1558,99353721287
1476,93897619856
1435,57991918126
1351,12092561994
1275,04367958911
1192,73785534209
1147,25041423563
1093,86668191471
1060,20472433893
1028,22222954045
998,457658299456
979,094640812413
933,766696824271
910,354421962371
873,363546964259
845,416815429342
816,931562894145
801,661301377846
785,607634913457
775,277481796347
770,754383035198
765,819224022553
765,819224022553
770,515046520396
776,034951411512
788,841217702955
796,631247829627
810,406727392879
832,310734119875
865,780483732206
902,691405233626
931,208729389063
962,749382932396
1014,070834642
1050,89250837649
1086,93946976848
1126,46220751718
1191,71651278081
1252,40903216837
1302,48461599577
1389,36652745091
1449,72333664915
1518,69820377185
1592,25880859214
1646,87794006129
1727,73648350472
1811,8886472767
1903,87517638297
1999,78458016402
2117,55949664281
2224,29908678912
2311,70734121621
2385,83649045206
2527,5507525351
2624,13467466946
2702,32898157819
2824,89203915072
2901,99173246603
2987,3959957377
3032,00975064825
3073,44481353265
3111,01717846903
3153,47577827911
3232,03763712525
3302,24400749767
3386,85693208447
3456,23916915132
3497,59489754025
3523,3278623914
3575,39692499305
3610,89237862618
3649,37481702276
3688,82317819422
3711,04317299682
3726,09981049834
3752,68653043748
3770,49129480596
3785,41506444045
3795,72107472568
3801,81011865543
3806,82462681325
3808,58563666166
3808,58563666166
3804,63644911751
3795,00305904929
3781,09081676203
3762,59046321778
3751,96618767779
3726,65006519372
3701,41781575811
3668,47672493669
3632,25087523177
3583,62850505484
3546,94791540672
3488,06034870666
3446,05654577851
3380,64455425707
3315,71830168943
3285,71112938646
3234,77079457127
3151,71596364431
3119,35260462699
3027,83190014671
2966,93191293717
2928,13194944358
2846,67321972316
2786,63814819184
2700,9053824039
2624,25537754979
2577,28029803013
2485,87459210036
2424,51416576103
2295,87501477801
2163,14330830695
2076,64268231484
1994,61203211357
1892,28813470137
1774,79893675375
1720,19435304769
1646,07768179433
1547,3972408764
1442,63843987958
1394,77637104524
1308,13168474386
1223,60869668592
1157,08590593208
1096,56640737933
1053,65464817747
1004,34336278479
975,392865587672
955,055748971668
912,345624631584
862,675236617682
824,734968495584
803,057839806682
782,61641121203
761,969114036127
740,982433875391
724,705926213895
717,889580263857
713,926344493212
710,730679130209
710,730679130209
714,124913318449
722,639575558389
730,072444214827
739,974929449755
758,348934740454
780,299514604403
794,219771641096
829,437635854243
862,9656301212
904,072456742823
928,295373703177
958,815016919813
1021,48440868042
1071,42706680643
1111,74170159816
1157,678611844
1186,08157761523
1269,55502118273
1329,50647371487
1426,75290834628
1515,58557178775
1609,56971497255
1698,56235698342
1773,09913959576
1824,7344654479
1872,33359046699
1918,87626185107
1976,98246960775
2030,39643803319
2160,06632152172
2291,40516244328
2407,16944203037
2499,59729276501
2594,92269765427
2718,36858032894
2837,09485412207
2931,748310021
3032,8413823819
3135,67812865864
3187,49888600044
3251,88813869774
3296,85876776163
3326,75532916487
3404,93657506223
3474,73005865144
3527,59327803937
3564,53523627616
3617,99058140084
3667,78371015693
3703,33589809714
3732,67140270413
3771,72314034001
3786,09741466792
3803,82974900871
3826,71277495258
3836,06643424341
3844,35594959542
3852,05647022869
3854,13660860735
3854,13660860735
3850,19369839001
3841,96540023214
3830,88878366361
3817,20992458233
3803,90592254414
3776,24483086925
3754,70586642687
3736,09276034998
3710,89182741593
3692,28214536356
3662,11670136022
3607,1460540331
3549,72173566606
3525,85698792673
3482,45038385074
3414,89670061036
3335,81718646105
3295,56493248894
3245,14723537496
3180,63186893967
3128,23387245332
3072,717299496
2976,62867381313
2878,46283221778
2809,34049423598
2716,23452032585
2668,80027398954
2580,9718051534
2438,06032764014
2334,80813928948
2205,68033608562
2141,82132990805
2009,58250399582
1963,75498662179
1912,21810110016
1862,18334037446
1779,51452840252
1738,71074744285
1688,18662598024
1621,10960680577
1564,21953503084
1504,48478668516
1449,39432193807
1370,97409552629
1334,53900470066
1296,79008012255
1250,24055473517
1201,29105866481
1177,45488878764
1138,53124145272
1094,71585719755
1070,1506469803
1051,53102066206
1035,27324624838
1019,74336196346
1011,52287622208
1006,20891870444
998,361470575921
993,873001359032
993,873001359032
998,77081227509
1008,6063087143
1023,0205585193
1029,96712671358
1049,27429128327
1072,50757989978
1097,46321118706
1135,67467804874
1152,19129981885
1197,30031307506
1222,44924089675
1275,0701267777
1306,09787134272
1340,60473001745
1386,78976221248
1443,00068498651
1503,7179671416
1543,06212082027
1606,07081352317
1679,17664751605
1746,23208971286
1851,2715053929
1957,51074326807
2023,78025810177
2124,2926797997
2179,92328843641
2306,57484812347
2414,27859420001
2484,65485494568
2541,64049959585
2675,50707232774
2792,04054489206
2926,06264413228
3007,23166159458
3119,58864510195
3208,8813997862
3257,19513380536
3296,45210103354
3335,14543863175
3424,35713018571
3470,06446188241
3543,80396319653
3603,76153162623
3666,810765646
3714,52817295578
3756,47911561955
3818,64261894501
3851,77080006964
3892,60522309657
3924,73911413367
3949,18571537943
3987,25964974484
4000,33395930364
4020,54018998233
4038,88033951658
4050,31351901217
4056,1810737163
4061,42651813016
4065,80943462321
4065,80943462321
4063,7763632999
4059,27139423055
4044,68281589433
4029,34658097926
4010,5990336551
3983,83473235749
3966,4378930666
3930,42951632233
3902,13166936089
3866,10516844136
3835,43390047058
3779,19446902778
3740,7145988277
3709,93613419741
3640,34035694491
3577,22976883434
3520,89952393709
3486,3034546847
3392,73035901803
3338,55583665127
3277,17498846453
3239,46247122613
3134,89891322635
3036,727385143
2957,09421896551
2900,20424353123
2796,94630594006
2689,44486480491
2578,1763240671
2429,99969671791
2335,45891947445
2207,33031909866
2091,84630451887
2026,94963601508
1952,0578925748
1911,98675547431
1865,63175246382
1780,44807234489
1704,43902763667
1669,75181414501
1581,57016343588
1551,29561812289
1470,38113608431
1429,75448113001
1383,19798539619
1314,27039630056
1255,67345979267
1217,88254203952
1194,88458990812
1149,85878957894
1123,88449288154
1089,5578921786
1071,76603496855
1058,5011095989
1045,79860996802
1029,36323383405
1019,35324834707
1015,66678185357
1012,71667226422
1012,71667226422
1016,76468629084
1020,33215397363
1032,78436122902
1051,05767014175
1075,1968194033
1094,29405553233
1127,45730333688
1156,58878303595
1191,52880325907
1210,93476688921
1251,7978066191
1277,05215972012
1336,51628001431
1406,31939505366
1436,27038209137
1510,81823537242
1579,20895249701
1627,4001208929
1676,260880591
1748,05693315484
1800,53286202509
1888,19446170075
1950,39093564282
1993,77367465932
2090,66660682391
2142,19776168102
2259,1682791706
2372,80244409082
2496,15490296599
2608,5697038597
2704,60318796473
2784,27448302629
2851,67692151852
2916,97305327063
3031,27804239573
3073,64337322704
3157,69472213898
3226,86883013161
3268,9297046748
3345,34627822865
3417,56567045079
3503,62823859104
3555,77629323852
3628,0758772114
3693,14135981482
3749,76805109287
3785,87760601932
3816,73318728187
3858,64375595638
3880,71343130232
3911,69119165125
3939,98092364131
3969,79273308602
3996,70038208755
4012,33883054027
4022,72872346658
4037,56513343389
4044,18584958534
4046,38908054822
4046,38908054822
4043,16985180826
4035,82882624313
4021,93370252627
4011,36189152084
4002,26272468405
3985,90345544394
3952,26290965946
3927,20909129775
3897,1373532637
3876,31231800481
3843,7041162445
3802,63243171586
3774,73302058087
3733,43226102418
3662,28978897862
3616,31145912982
3579,40602756931
3503,52632624649
3411,43342500309
3333,41600208392
3286,1295197529
3200,84564206074
3140,3112002774
3064,68518642306
2942,13582188689
2817,25758968957
2716,61669881624
2606,07916181336
2522,10538681694
2465,96208364514
2394,12182594143
2323,53667104238
2273,30527410686
2159,05986775445
2082,61768840996
2013,0941265572
1920,76131069913
1831,02562877863
1766,32065786343
1686,42516020053
1612,81018151644
1562,71234261541
1525,56246034206
1473,89858436564
1405,97044307162
1347,95498689619
1290,42723186178
1244,46661538963
1191,8473071567
1159,84864191455
1136,91657885144
1108,82080252382
1092,27474345854
1077,47648774916
1058,94910147675
1048,54887299948
1043,48755880266
1036,75319875284
1034,77469796459
1034,77469796459
1038,10403207694
1045,03924055104
1050,611247128
1069,39387571581
1080,72065574383
1110,65687250143
1134,10310790987
1162,54991890748
1179,79671936705
1220,13430597499
1241,64330961336
1297,71422704653
1351,83984351197
1411,00985488358
1436,62927687632
1508,44491839491
1555,48341553215
1604,88030754024
1660,89550848859
1704,77515227461
1795,49128920638
1892,90951211373
1989,17501814004
2062,64794514482
2151,76946560857
2269,03119940343
2361,96448874829
2488,43157850676
2546,13895118988
2609,67839035656
2716,13055276659
2789,02725089296
2867,85536465135
2990,18587584771
3102,16885631306
3150,89192990022
3224,5972706981
3272,71661878612
3338,93322361971
3428,96508480296
3487,53747024924
3540,22396979864
3595,87807397632
3640,69086134621
3711,52286967721
3759,48549785394
3806,08303186534
3858,9028652729
3883,30278084612
3916,07492220715
3939,26305640765
3962,47482753784
3983,1789284742
4012,92677729682
4023,91476613419
4038,11039878976
4047,27351478484
4052,53441340408
4056,18593190464
4056,18593190464
4052,37027103657
4043,59324574327
4034,67511600023
4015,87717430551
3991,41206327969
3971,91869022026
3942,89273876366
3926,45066949994
3901,40114602853
3880,44405279857
3831,56253122254
3785,7769127023
3721,06615985017
3669,84040531788
3637,08550869817
3609,51975076747
3578,19952739629
3499,81071074795
3434,4608024187
3346,10656305966
3308,16663608102
3255,09405208756
3142,40983913609
3094,27005703139
2980,04517288182
2881,10313357138
2758,36939971119
2708,94704910955
2585,06829985343
2514,31561833138
2428,46437597032
2322,25508889211
2206,86721895365
2139,94603192741
2064,34762379279
1968,75260365525
1864,24999779754
1776,83512179654
1716,58525968898
1680,03330339834
1585,83790220825
1498,80741706295
1463,23220390045
1422,47723035319
1384,61491648245
1338,85419564967
1297,74330536342
1246,09453540191
1195,98670917221
1172,43350062012
1137,58197986253
1108,47344870918
1078,39330430611
1057,51356381885
1042,34010677661
1030,20463939688
1024,63782340426
1019,5401079741
1015,7463384881
1015,7463384881
1019,7127874916
1028,29936807818
1038,93028657756
1048,66404117721
1062,38129108867
1073,1408590613
1090,04012997264
1128,4950070728
1168,14708110557
1203,86928857872
1239,35930275872
1282,40266213849
1304,61044512748
1342,24789576089
1410,61451631937
1476,28018382919
1546,56689999387
1627,81172602723
1696,18163161888
1777,85508394607
1844,3260368981
1901,63171797989
1964,50953709715
2079,43829665477
2183,32496696151
2237,33197809073
2345,82474186356
2422,92560022771
2566,57921828481
2663,78384274917
2725,20072429217
2855,22058721564
2936,99209790925
3030,3075322192
3109,17210831811
3192,39283391929
3235,53986285916
3308,97614152433
3370,4528398845
3465,1877101985
3551,98278843285
3605,0258383155
3649,4638899168
3723,27511918262
3793,94884276931
3835,31933033233
3876,56617635002
3931,22057419094
3982,20611294912
4009,68924649123
4045,5708374629
4059,38449631028
4084,47482311763
4103,70274853987
4119,89206608457
4136,26343812076
4143,60257366762
4152,83980798807
4157,14457473507
4157,14457473507
4152,18249023217
4147,34833832707
4139,63840708585
4123,67197200361
4099,10041562705
4071,94059211385
4051,72562666861
4025,55736228849
4000,83383811211
3973,38296812961
3944,66604333743
3897,39931853522
3842,0794142218
3801,30809527883
3755,48223953251
3720,90121238612
3649,17761679467
3570,05901982778
3476,74491552407
3398,40246621057
3358,76337088664
3314,06878995355
3242,57116858269
3166,03334786884
3058,15663524584
2974,16797736931
2842,33395790169
2737,87513760751
2623,35033258501
2496,09574946781
2397,34931250678
2268,11421604661
2178,72282249483
2072,83212122639
2014,09138274957
1945,99619882383
1872,14080784647
1809,87069069945
1748,87341047429
1710,24931955318
1622,00757319279
1535,58246207761
1471,62408652015
1403,12297100967
1342,10839302532
1302,2040151194
1251,92508709474
1195,687442683
1165,83334545178
1127,04965816596
1097,60498290227
1080,46420652829
1054,45724298298
1035,31635613739
1016,43180014089
1007,64348472824
1001,30526084746
997,299581986058
994,039998794457
994,039998794457
998,454588479417
1004,6288579949
1014,18747451506
1028,62441834774
1051,00903192815
1080,22012588345
1095,43615213926
1122,57683863285
1149,07355954594
1175,55674687054
1220,62101931883
1274,56908939696
1317,54360920247
1349,25889493785
1375,08141163197
1452,36453728705
1486,94403744393
1538,88768125506
1591,12080063956
1661,87664515814
1717,52135511062
1763,52132388089
1839,24538137589
1893,20861612363
1958,33498948952
2082,33263295718
2140,01643777826
2232,81259935325
2291,64983707014
2435,41725405666
2545,79696904051
2623,22431341119
2692,46853282247
2765,00641993402
2875,649463634
2993,16131061478
3090,80434796826
3154,18229380429
3210,4718345367
3292,8149716996
3346,89514876509
3419,22755906633
3451,65896562626
3518,97391481743
3547,82520566965
3576,42574816465
3599,23675135518
3639,65591842137
3668,30859481899
3709,06776765628
3735,31614590296
3759,94356030363
3789,95222104245
3801,68066694945
3821,83821210801
3834,37258811793
3845,28529367345
3854,79511932383
3856,61776290894
3856,61776290894
3853,54168046819
3843,56714172532
3837,08888531372
3820,6633208928
3804,70810266664
3782,27855146736
3762,97095540661
3738,84156382821
3719,03335252499
3700,44937447122
3651,01176787603
3597,60725493354
3540,46942523159
3481,78243474885
3428,66805948488
3370,36824340561
3294,93916797759
3240,68651213886
3203,32768359532
3145,12792157403
3109,65998157067
3055,62914359645
2975,57097966887
2921,45102288952
2848,31139620625
2795,0923932057
2660,14868520828
2578,05691846245
2508,78036733737
2395,71395498578
2264,00844463489
2149,90322012139
2015,23574702608
1887,25608671034
1842,78889095696
1789,16282185935
1704,87865689205
1646,88177608351
1590,39434503394
1537,92919712743
1478,87710556879
1410,84937804961
1331,57930028621
1263,4548391674
1206,77553362528
1170,52716245433
1148,71222697992
1120,85484695117
1099,08138261987
1069,87207077981
1031,60876003014
1006,61393827756
991,610647297902
974,160367454165
955,070523728337
947,442337373476
937,701320651778
933,657832051156
929,184492269615
929,184492269615
932,742611385295
937,509851255845
951,162885401627
961,617480840044
986,165461891562
1012,4331797663
1037,8983929045
1072,32478035101
1107,29867079014
1141,25232874629
1186,67466036665
1239,92212598519
1285,29127332783
1325,17707159828
1388,79965137479
1451,49382818715
1499,86662721022
1551,94471888567
1622,88352362247
1700,7814210525
1802,80960496025
1857,80584238522
1941,18048383909
2059,3319097065
2165,4353574875
2292,67796358529
2412,22808518162
2542,07692076005
2655,07295419232
2799,52765229136
2894,92149321126
2973,23014110943
3061,78115203594
3152,02949929301
3267,15645228302
3350,55739258364
3394,13816662698
3487,11657701081
3535,81192530652
3592,79795394099
2667,41078073426
2736,95714890272
2782,21107419993
2847,85902822756
2902,98176494333
2954,61414217931
1992,46061322238
1039,87513988583
1075,32898808689
1094,07315304925
1118,10706847725
141,2852111263
160,22331885072
186,43178346401
197,00404076154
207,55497286215
1221,62496841355
1228,07686134074
1231,82503366229
2231,82503366229
2228,56921010662
2218,60108154217
3204,50859276011
3184,93513184053
3170,51373588411
4150,28056877678
4116,68671338587
4087,14233290348
4057,07808533625
4011,97121139785
3979,81873326461
3933,93290000219
3872,81905702602
3818,6447639012
3747,34781017869
3691,372559228
3615,16352162083
3573,76894074279
3486,1156378288
3442,67134005095
3344,28319848109
3243,55700275793
3141,21896689193
3089,36105596648
3008,51513588965
2954,61404545059
2840,6560882541
2704,44092455682
2644,64010754195
2579,86055122527
2452,8640625903
2355,10104419746
2269,09378684627
2183,53031041653
2100,04897710093
2053,23929238905
1980,6502337198
1876,34808777351
1781,91074965766
1743,3179821105
1709,31553126358
1676,85599402921
1595,98739642851
1550,51921511015
1520,30243778305
1487,12159485422
1443,09097082731
1387,09194906619
1361,04256796156
1335,28926770837
1295,13857310799
1270,96143275777
1255,05880146833
1238,45367708016
1227,64940124827
1220,33612445168
1207,15454080165
1201,36276993809
1197,96228599019
1197,96228599019
1199,79390055552
1205,20083675403
1213,71504140259
1225,47831471799
1238,15334219943
1248,22276911227
1275,00897003493
1307,56569968345
1323,39408259453
1369,19884310455
1411,61712387652
1460,38018304407
1501,20117936572
1563,10798016754
1619,24535992986
1650,91219736616
1715,59798650859
1758,41752140864
1826,70304764529
1922,95024441537
1984,09776338644
2029,03442965542
2119,25795107424
2227,89873403244
2305,22429848954
2415,77847118137
2549,04296713681
2636,69270918861
2711,81888058866
2768,38710622787
2822,17514909827
2931,97776792741
3030,04745679754
3130,89373256897
3181,06784203605
3251,64587500582
3295,88160062638
3365,07817363292
3425,73186513226
3489,36661722497
3579,61549772863
3648,67714825956
3684,01798536722
3713,13871738026
3740,701339991
3795,4700207728
3846,02895957931
3890,21857619994
3919,76886896018
3961,97454338287
4006,4576003521
4039,41749121113
4055,3426621235
4079,9509157993
4093,89789324978
4103,28121369624
4117,49294962384
4121,22224895263
4123,74356142885
4123,74356142885
4120,76969303925
4115,36695519324
4106,87510995126
4090,81404316044
4070,46254292773
4048,61774846536
4023,01938303499
4007,78815643215
3964,08800236993
3918,42174713659
3880,9334114175
3851,28304549785
3805,33582560345
3767,55293432199
3710,67716299976
3683,38244255091
3621,70104669253
3562,13084464759
3500,70280553728
3427,57962642202
3343,5992047774
3238,4541517031
3147,80860254284
3046,80725305037
2971,29818414864
2859,13137104011
2779,84034874158
2657,16000877499
2607,17829778038
2459,07641761272
2392,9436348307
2280,25517820936
2159,98312670814
2094,57850661264
2046,52122636163
1952,50316118938
1899,33610509119
1845,97272476149
1750,40145146601
1716,52420645495
1656,45304941329
1593,4450458371
1540,15592191841
1482,22962936024
1437,97446180273
1403,3539588245
1350,76298555162
1330,57860679718
1300,44390936403
1267,03573917056
1243,54853313969
1215,08493261881
1193,15322978103
1173,82773480556
1164,94176069039
1157,52090064227
1147,28516640713
1142,5203831653
1139,15230966444
1139,15230966444
1141,48225929424
1148,50124124445
1162,79741151466
1176,77577565972
1194,49808949969
1205,32321741742
1238,40742271164
1254,91934570092
1288,88786388121
1333,6261923822
1374,48227613209
1399,18249317639
1453,56532394043
1477,31420428755
1503,57547365916
1550,04252348563
1592,03863470755
1622,38753216763
1683,06557530059
1717,96390596061
1754,09510649077
1790,98760688335
1884,42897013517
1952,83587523325
2035,97588410258
2080,70326237351
2129,03265644828
2215,44838281679
2313,42010803602
2460,41014164627
2573,45809137066
2673,48201730528
2763,87890463254
2854,00092194198
2954,20559936787
3001,02084059238
3064,84842535411
3141,37516134094
3213,40083930877
3294,6376569257
3361,16363587145
3440,8553460547
3475,12299067812
3506,59065492215
3568,57834698721
3600,89047079481
3660,36962841499
3691,16757403492
3712,59627813749
3756,90557876923
3790,04971318415
3813,39701657186
3846,38423446242
3870,36352323695
3883,08490037285
3893,13532505951
3899,16590132168
3907,05845434159
3909,09289741536
3909,09289741536
3906,34547835123
3897,25034760105
3884,72927171879
3865,83338221108
3845,62362242519
3829,85182871336
3811,64078450527
3785,12105145885
3753,93044007581
3728,34675036526
3689,35733643718
3639,68089598138
3575,85910814
3530,56857720975
3483,48602422209
3410,0827886506
3354,77063094798
3322,20686294551
3270,05950220708
3190,69234419801
3101,30685955735
3005,40268498646
2946,80756233173
2847,194103678
2793,36708985193
2747,05340544012
2674,42056087905
2564,40388345131
2498,60578691754
2397,544086586
2256,51806629644
2128,94209075437
2075,05530967612
2005,05133345492
1911,03159037932
1804,39964305814
1712,77739189772
1608,33502040089
1532,60710863906
1462,14631237422
1405,00281195078
1335,46675598193
1264,11539604303
1194,93381199035
1165,35536877905
1129,15292732378
1080,16755679086
1021,50877452913
969,924472748884
938,520830376933
918,654573081052
887,102626236355
871,736778070558
845,556497564795
826,164723619736
815,555863090425
805,703162421641
801,112968737464
796,962144248477
796,962144248477
798,881702519584
804,055607253242
816,432739054516
826,189981888909
848,534320731116
860,878860484438
889,459197017264
913,326774913966
942,281104134057
977,031847422643
1011,38082233322
1062,28786510056
1125,8479981788
1176,72627596497
1250,21783954241
1296,75082432498
1358,5889266774
1424,00668986561
1511,97089597364
1588,93196773665
1638,01833855361
1714,66473813851
1790,84384339745
1845,90814934697
1890,66698917218
1959,48201484022
2089,11596327979
2225,92624177035
2369,32188808731
2518,35757338675
2628,3325129887
2763,10018572557
2814,94434917731
2916,39765696898
3037,41326688823
3109,73303657633
3177,78321836971
3279,96607542346
3375,59573669324
3443,12501203957
3530,2697458003
3596,25042307714
3654,0307550834
3733,15437564773
3786,3059820916
3837,56039643391
3891,10791638545
3950,14276687993
3970,26161829798
4009,86469904886
4048,02003857121
4074,15179211994
4092,1054697714
4119,42653785122
4133,7078772192
4145,0854998028
4153,16873447341
4160,99592143095
4163,97606491063
4163,97606491063
4162,22693169826
4154,67371239467
4140,42426405882
4128,0652619509
4103,84679553511
4079,51354913623
4045,15434115977
4011,75519688214
3984,69348708696
3965,11732203658
3918,07359291539
3861,60884260663
3799,60744763007
3729,95201929703
3658,43749385952
3631,08678795991
3555,44941247229
3499,78570478027
3467,02326097309
3399,37690256212
3306,68858723638
3229,08065591042
3158,63899446495
3106,65786213086
3005,52649701194
2882,3101974499
2757,39446509741
2709,96981481787
2593,5582142852
2537,94883105808
2400,7697730903
2300,18165170378
2238,36039172331
2160,46522088137
2109,89322229594
2007,68601641261
1942,16226467963
1846,95062837111
1805,92222524772
1751,52078313979
1661,25180198714
1604,61728152413
1549,90420888484
1482,56107073241
1453,62727744751
1428,04041171122
1375,97777407429
1351,96789185142
1325,57900739705
1293,23737909314
1259,95292037335
1242,16979932063
1215,65847436695
1189,64693751635
1175,88984153895
1163,74597691096
1155,58428129596
1150,41167851556
1147,90273121305
1147,90273121305
1152,24720473816
1157,99380161085
1169,44170095078
1179,42642266757
1192,85783172563
1209,96433933108
1234,20812403901
1263,82486912367
1280,82843762162
1326,83847607043
1354,68027501429
1387,18874554795
1409,72332353225
1436,27390305183
1493,33272844553
1561,24717357937
1612,30652422286
1659,59685833174
1732,61327397588
1767,79417440891
1853,0534258988
1919,05571945511
2028,09307343858
2115,81052115147
2208,57454857257
2276,21511067087
2349,93159749309
2440,35630505471
2531,99061597635
2597,59228502598
2671,8669289623
2752,23815042785
2841,85718102622
2906,55006817071
3027,96513326604
3069,4445183335
3110,32867397973
3209,13439223502
3253,33022675865
3348,81001355614
3398,22556299851
3480,0944161074
3535,20418823861
3590,57198287247
3629,23472061485
3661,05783988693
3711,54962600358
3741,87532993664
3792,53549240647
3812,77841212667
3828,28330320303
3853,40220690009
3874,21079338646
3887,37934325622
3903,21700392052
3910,33551775322
3923,84942284188
3929,79067035785
3934,48738959749
3934,48738959749
3932,44557092002
3926,1413376318
3920,36550820123
3903,58096226207
3884,16521666765
3870,93555369458
3838,32417707579
3804,72185514233
3763,98197494943
3745,42403990345
3704,2282175207
3658,14336904315
3632,61890489962
3586,78817606924
3535,04286277886
3479,81742928184
3409,93464578483
3343,38436098073
