-85,6606198082029
-84,025934026123
-85,0667815353101
-84,5537168158003
-87,4784670572162
-90,8045211880489
-93,8599150412995
-94,2123517623229
-93,287189660262
-95,3500496132067
-95,7677849362454
-92,3582830454029
-89,2373135496105
-90,0079452735409
-88,1938693570876
-92,4212103837269
-97,3324275795987
-101,770166441226
-97,5701455341513
-100,837542915641
-97,9148197723156
-101,172962703823
-103,043459678555
-101,943193090587
-100,908849393441
-105,359669551421
-108,060704031056
-106,659845552249
-103,143488077048
-100,253262824963
-96,5707929835519
-100,72873979608
-104,003549681047
-106,532072271934
-103,205101663808
-104,233578433857
-102,105252753061
-100,770008096364
-99,2098227232741
-99,2983216626097
-104,252331603436
-105,644448120447
-105,829638464297
-106,785145789285
-102,880155054331
-99,3938059845911
-97,5891509221816
-99,4523416340595
-102,896030974992
-107,813493126451
-111,300196652906
-110,515934566742
-113,314141497628
-116,078898823391
-116,010431929496
-111,503107844155
-112,997925087343
-110,139039184497
-105,660318162134
-109,13424824557
-104,759267896767
-104,215520228825
-103,08431442505
-100,049377575074
-100,794707369429
-102,05449587994
-100,370184104131
-99,7206920174513
-98,8182943495076
-100,975741663005
-102,331408370441
-103,577870223009
-104,575794457726
-105,287274611316
-108,60066205198
-109,285822391643
-107,3587749793
-103,273764629044
-101,078488776031
-98,5304941486243
-99,7859693690138
-95,6238131367712
-95,7792653170318
-92,3454456903718
-90,968516911831
-93,0703091565847
-89,4300490382267
-84,9401015974302
-82,5370910822121
-78,7174445594277
-83,2511040862888
-78,9816643083383
-77,1251406740049
-77,0910252174787
-76,5545045056169
-77,0522621143853
-74,5755844351722
-72,7957116289976
-68,00588915963
-67,8411099141655
-71,039072620235
-74,883909644505
-72,6494980243265
-68,9357400517612
-67,4975354957849
-64,7377771696718
-67,9555908487903
-65,0423176260862
-69,493687511186
-73,7400602776278
-76,1597836046293
-76,7396111980731
-81,0760011482407
-84,1452747532843
-81,3637296163308
-86,1509054997708
-90,4517056515681
-87,7543194744524
-91,0963114030177
-94,7398489526193
-94,6398975814879
-92,4455332464751
-89,1990516750138
-87,1163005298545
-89,7400883164909
-90,3651948018769
-88,4681802887787
-84,5002199800221
-80,7482208454741
-78,5638506773691
-76,7256886962456
-81,5785140900773
-77,2833262091891
-80,2528296016403
-79,506872268164
-81,9175104642835
-84,9897658522194
-83,8589760050453
-86,8633609343616
-83,2461904819339
-87,1301690475691
-91,4031821519152
-87,4618648260189
-85,8124815443589
-84,5731116945731
-83,5269436279903
-79,9211138998723
-79,9953166604952
-77,7427463409225
-77,4190497456208
-78,6160072025918
-73,8367157004945
-73,7148509657546
-70,2814909467854
-75,2166630724523
-75,6089901135346
-77,7003087092659
-82,5486482342467
-81,2111024750449
-84,1477914336826
-88,2850476206677
-90,4708216085429
-86,3095475203868
-87,9452875735915
-89,0298223211569
-91,5967202543266
-91,4717357286586
-87,838622286375
-86,6538532248949
-86,461669891822
-83,176590387326
-83,6081803862975
-82,9064092798654
-84,8655716608584
-89,6251306448249
-90,2521661693473
-86,9991191602308
-90,4020208704295
-94,5586395750561
-93,2285954282752
-92,4595316417793
-95,4883143680581
-98,7729243788742
-100,344621839628
-101,963294214552
-99,9044237355257
-99,8791138640973
-104,017286002178
-107,051617268963
-110,913332894404
-106,232652494792
-109,456568357747
-104,663324269775
-99,7310202404535
-96,9765936010408
-93,6747981788008
-97,109085371303
-96,532027992202
-98,7981099629766
-99,991842180021
-104,070658639106
-99,0979423532719
-95,3569141753749
-98,296527188875
-96,2579100980693
-92,0232775560689
-92,9457571604037
-95,8647300446708
-92,6718110417351
-91,9799476428796
-90,6253216930783
-94,313738578611
-90,0054593989651
-94,9979577865442
-93,7037105316779
-89,8121839923841
-93,7133479694432
-92,9803764205335
-87,9974440988141
-86,1408493254058
-83,7330571300039
-84,4699004662549
-82,802455757187
-82,7559710702654
-82,2444681368044
-80,7354727693533
-80,9603068562971
-80,1908397791865
-79,9044287995922
-82,9657832057987
-85,158531537819
-87,4825419078034
-83,6193616472275
-81,5822481348097
-81,1733875289435
-80,377040028282
-82,1468509324579
-77,4918479297738
-76,1021624813332
-76,9554673982577
-78,9741173148966
-81,0298345592012
-83,3609257002179
-82,0871203658577
-82,3034619411004
-78,9343646559558
-81,4665596985568
-76,6808172230054
-78,0427604485502
-74,1798603484313
-71,9769009491321
-71,1441596905441
-70,5500346331624
-69,6727113773453
-68,2742357897918
-66,616208912626
-68,3109373358595
-69,6163938448841
-68,0675097918452
-72,5378880684906
-73,0784214395463
-69,7703681209918
-67,9757519848532
-66,7214785757109
-68,8368668448351
-70,1582305250495
-72,709827671158
-75,43866200393
-75,8400209973752
-80,3421212431705
-79,6807837997008
-83,236950779444
-78,8936646789748
-78,057427440331
-79,1821827502838
-79,7186733105772
-83,1244255058115
-87,7307861311039
-92,4679598689395
-90,3255542206231
-91,2843638105711
-91,2949403730663
-94,1635300704108
-92,7400191909354
-93,0043329964412
-91,0298225870495
-88,9479580144155
-90,9621010096567
-95,3234630847924
-91,5726293560921
-94,0815534321971
-89,5459078273484
-91,4397888777031
-90,5797251526171
-85,8924966984859
-86,2191999336793
-85,0695333141226
-83,6548978642816
-85,2657042607971
-89,1606821558255
-88,2399877245724
-93,0433484344013
-92,8562469654047
-94,7160899451543
-96,5145272885051
-95,7554009094626
-94,2659457513438
-89,508057932606
-92,5059793668361
-95,5710132189891
-95,507234146589
-97,5956019445302
-99,1638847157191
-94,7574063109967
-93,2689749976941
-88,7989318062546
-87,6222887903555
-92,2511835336923
-95,7325963190443
-94,8224949975603
-93,2257232504085
-88,7631774012759
-92,1306496589121
-91,2828423810577
-88,276018550748
-87,150326712127
-83,8126126415155
-85,3293902661322
-84,1803814816197
-79,978433556379
-76,6645907362292
-76,4849783813045
-74,4805326100813
-70,3227284528886
-74,1010172358253
-75,2564661159442
-70,4541441474362
-66,4628908650311
-68,2409426422049
-64,2643828267531
-68,7793275754802
-66,4553508215841
-70,4715723825952
-66,7679006055779
-68,0808459492776
-63,5014022274415
-62,3974738514039
-63,697833306481
-59,3262008946976
-64,1090156320059
-60,6123618830984
-59,8338005202048
-59,9377522850119
-57,4586600030114
-57,9504096451916
-56,4922610630711
-52,9281495152638
-48,5888553241216
-48,4555221341809
-46,3796513161527
-43,9582390077217
-45,9520062249861
-47,3431271907608
-49,5429965502317
-50,9218732225345
-46,0377065050591
-45,1305200742234
-45,856607002605
-42,6718398149459
-45,0279596215244
-40,360238398593
-38,174848665099
-36,025691631262
-38,4836642320657
-38,0586181618546
-33,7858231685989
-30,3070557584553
-32,3781997931088
-35,2174471715546
-31,7900670630811
-36,7683036004976
-37,130230074809
-38,0186401112092
-37,0868165893884
-41,3815224130552
-43,846240955799
-48,5626768360672
-44,0373233468445
-44,3877695474716
-44,6242069125288
-44,3437673404551
-48,8807395630892
-50,0228194706248
-48,8767420658267
-52,3215945588059
-49,8427720902686
-51,1276743705979
-47,944026572138
-47,861478122818
-49,0585901839931
-50,3863328929926
-53,5563175885734
-53,0414442313096
-51,3136920129478
-55,7642279731874
-59,4529639577739
-55,8235596287173
-58,4695387927207
-61,4154925809314
-61,1800372163672
-58,2006560443903
-57,5654004619295
-55,3868588923415
-53,6809058108743
-51,6267984554296
-53,8434596726873
-49,9488168535515
-47,271761341147
-50,1769248769511
-54,09108300651
-49,4904804087665
-48,1086474671534
-43,4842881949079
-45,0630836421917
-42,6996430208439
-38,4949495752784
-40,1674799342488
-44,1644003052098
-48,1775204130343
-45,2312968113605
-44,6735995377756
-49,3784799260918
-46,5321724100653
-43,1743077273361
-43,419184909863
-40,2274367516988
-36,1042365832739
-33,7203988380359
-33,3380393559755
-28,9440091950558
-30,0381320668562
-27,108588783121
-24,6372815056877
-20,223183070879
-18,439001607913
-13,7938176183001
-15,5093314105222
-13,357364399525
-9,26539435017169
-5,4935856258932
-1,90940597649166
-0,871363769225434
0,217447565038477
-0,785845856082508
-1,58356051500117
0,706863834386208
-2,08748013344006
-4,99381132889246
-0,629499731878472
-4,28472913768358
-1,30093476329969
1,32538993671792
-2,30746911946096
-3,19964650934541
1,4781115816339
4,16237314192693
6,95132120836127
10,77199809522
7,72282835921409
11,5851875564946
10,2453261708121
6,75613124470982
4,05082727505403
1,75163357833016
3,93159832057157
0,60265763457993
4,51318329875976
-0,276555863803463
1,36046722594675
4,07872385768165
4,99893109546929
6,17443372550166
3,08554330518732
0,300614473084322
4,66265842535662
9,18231349167527
8,38862176909518
7,23822270624262
6,39380204789057
8,85850051597627
9,84459264196674
11,874124005844
14,893650154068
13,9312390419335
10,3414748284694
11,6210272566514
13,1834295965654
11,5469142638831
16,2832546077126
20,3831745103855
17,2394104335641
16,7032197544832
16,9043565014864
12,1339673535591
12,2456374635202
14,319012039024
13,062358215946
11,4503632469338
13,2671050835714
10,7983311106444
14,1782297958519
11,1736249905889
11,6302707053862
8,27632567066533
8,70088902707258
5,50918077142411
6,22439589175606
10,3764656676802
10,1222443255234
5,28034735018409
3,75830063305722
2,69764776234411
2,36274530755489
1,84887710346328
-0,274855825246656
1,35575142519356
-0,152969649132738
3,10413749334601
-0,605291989913757
-4,70487967585435
-4,59622270176006
-4,04918170489793
-8,57526121129056
-6,0381580242133
-5,176137315657
-8,71973939878849
-12,7453735157592
-16,0638747881464
-13,9604737302104
-16,6718043534419
-15,8954954640453
-20,0771922176131
-18,0443331171033
-21,4199798025283
-17,3351800196502
-18,3444830883967
-21,7715974393168
-20,3981262563719
-16,7851007249136
-12,1831566827293
-16,6188193748792
-14,2084868108893
-10,5907808014148
-6,01254348224608
-5,39057686244625
-2,47368806855454
2,32502370715381
-1,95997134175145
0,393372439031252
3,87443529855206
2,45653094838217
2,94276998282545
0,0402044970729958
0,956534019651194
3,37910307262988
1,21196076097529
-2,26656453789512
0,652977989824998
1,43701224654779
0,405177686086526
-3,76089645259119
-4,72718005987213
-7,67851134188399
-10,2214020608092
-10,8396079255452
-13,1799578891042
-11,2734698603271
-13,2327256296913
-12,8313936166611
-8,94582347662454
-8,88810187526419
-6,77029413253543
-2,1262125215149
-5,43758604695903
-10,1015110407497
-7,40318663064534
-5,47385164325766
-9,57816846881903
-12,6630319015416
-9,71789998687701
-13,0602138457168
-17,8008529137823
-18,4726979669522
-14,850359768537
-11,1437860415986
-15,8537161866453
-12,1328474544607
-16,016317876529
-16,8145336149328
-15,5625915204
-18,0933692902761
-19,4400261689163
-23,8505892426942
-24,2057291507747
-20,4377109699126
-18,9070900547816
-18,5454262087798
-17,3848294803801
-17,1883862964754
-19,2260697131166
-23,2156689480019
-21,4577014029294
-21,1440284648649
-17,6762548241188
-19,2529135659583
-17,7886256588569
-16,9464682354342
-21,5376601957425
-20,9574056793737
-16,2331610364993
-15,3296383355416
-19,7038468088506
-18,699440848408
-15,8605385063497
-18,5500592079712
-22,9754942785834
-18,2699328326945
-19,8436023131215
-21,0930667589851
-22,0013424786745
-23,0625611744181
-22,2726027235726
-18,4336427545331
-14,2842528360356
-12,867904926123
-16,4635264461224
-14,9351556296158
-14,9359341105147
-17,0153258168209
-18,2098717257426
-20,8732111616401
-25,104472902652
-24,4052329121181
-20,4524129281995
-18,5176817786496
-18,617963182562
-18,672275188692
-17,8118938826079
-17,6128969423532
-20,3706111225162
-20,9226986909856
-17,6106379984927
-17,0743629369299
-17,596823318208
-22,248403924633
-25,4049732212
-22,7560360602829
-25,005501476119
-27,6711206825781
-24,4776674311038
-22,6526079618616
-25,7172746354328
-28,3072134611696
-32,2024945575755
-28,1789592784731
-27,9585169642039
-25,0395093881709
-23,8752263686038
-26,8238006377703
-29,8048378596104
-24,8689207690157
-29,025984864694
-26,5377851186961
-29,7629846934056
-27,3754006146338
-27,2406161726641
-27,3140646365071
-25,262478659983
-29,3583074674747
-26,9475467651838
-26,3186698296659
-27,4734896898611
-24,2461561105429
-27,7379063762435
-23,0940945274634
-22,4673739156999
-27,2136905264173
-27,8522701760997
-24,0512996511772
-24,4783824446976
-25,722941125614
-26,9451048932713
-29,2802641677112
-29,5531091254917
-27,5727145036555
-32,1713872659818
-28,812710181257
-29,2181890943172
-24,288904389501
-27,5746155542203
-25,5939045341657
-21,8124995598627
-23,0035439846122
-24,8235098225174
-27,5171410932751
-28,9121645660662
-33,0883036195711
-34,3268289832988
-32,2368734433487
-32,0232384917434
-30,1063593244675
-34,5090081400745
-37,6626447484188
-37,7390246571689
-40,1744483412124
-42,1945690117751
-43,4865692646645
-47,5847578247006
-51,1238507698866
-52,7270361025478
-52,7602771775612
-54,2026899518457
-51,8393774572012
-49,3608689328473
-46,097347473771
-44,9392666155189
-41,7611714367574
-44,000126732979
-44,2057209295247
-42,2194640884266
-40,4433567311816
-45,1113262819644
-42,9890250102565
-38,799142653029
-43,3690929707927
-41,5216210095778
-46,4853964450235
-46,4380970278
-42,236216022743
-41,1973807011718
-41,3945210359033
-39,902312282893
-37,6308474725256
-39,0435118992084
-36,3874738600046
-38,2293837253141
-41,2979108846271
-38,5566902503169
-41,3941115240538
-42,393596231655
-40,7002687410918
-38,243403096331
-40,1097890642051
-38,5773190267278
-36,8297891164337
-38,4066653220945
-41,9885728424361
-40,6581257915394
-40,7416130885209
-39,5933252175307
-39,1664438690833
-36,1036276263667
-32,1365587935487
-37,0328600946966
-33,5953325003363
-32,0104837822776
-33,5354338695925
-35,8789528351644
-36,3853824261507
-35,6682780714092
-37,7246233065261
-34,063922976639
-37,3639925417322
-36,9419208084893
-33,347965806419
-29,8734156344427
-28,5872932190947
-29,8113162977673
-24,9888458126172
-24,8834144882314
-25,6568064706664
-30,219931926215
-34,6214659486997
-38,8275754376442
-43,5346460871094
-39,2154043746252
-37,0169879575339
-41,4271567233033
-43,9848042763698
-41,9778783884727
-41,5484989069162
-42,8427213932586
-47,7119346790536
-49,6583415449868
-54,046387571863
-52,3063441493112
-49,7812042291188
-47,6134381176035
-47,4636301386466
-51,3924408175016
-46,7094005954961
-42,4344087892372
-44,1867585639407
-42,7412841924192
-46,6844236649034
-43,6517965042273
-42,8948612943733
-40,1833189954903
-37,2448039600834
-33,9718242217655
-31,8348228427743
-29,1927072844433
-27,6847307186968
-22,873649340064
-25,9519694866388
-25,9619626826429
-23,4976124174416
-20,324434095679
-15,5136647473618
-11,3953788654857
-7,0089465645183
-9,12372788606379
-13,9095992985691
-11,4229547774525
-16,1352299042675
-11,8973526530421
-8,36743903735993
-4,72110173651994
-4,91098397640085
-8,05707239688232
-12,1076621450985
-7,98930584126579
-4,36313689889526
-0,611855734890199
-0,189464632509897
-0,237848421203772
1,95137589795119
1,10436750394502
5,84139748748463
3,1016996773434
1,66400617997355
6,15088029818191
3,80219649700556
2,97156920562112
7,84149371452705
10,6287576377526
12,8265585856636
8,14626392123587
4,27817720187749
4,90012437100534
9,17581752835584
13,5277791267857
15,8847758899838
16,9162979870645
13,6010550072422
15,3988765507932
19,4597397695574
20,2207454737373
21,3784949720738
18,1974782483641
22,7001917933581
24,8107897023721
22,712214241136
23,7968176970244
26,1203871835584
29,139032258717
33,1549788746774
35,9116742764189
35,3003645526713
37,2704281947904
40,0712106796314
38,3825693388389
41,8187176770618
44,3691848355203
44,9251642147663
49,8247223975253
45,0586248771561
46,1033807560352
48,7201007682459
46,2205617182053
43,2606380215198
46,4708463016297
48,985270321828
53,1734409128193
50,7516593349873
47,3491079883413
44,1104675289758
41,7051143742656
43,771638518093
47,3962080769224
48,2869610694642
44,7151796844393
47,7104217920967
50,628468499346
48,3860571442107
49,8377657378269
51,4232153172713
52,9899280602066
54,8357312822881
51,6870107160355
55,4583280233007
59,8994335694702
60,83044862879
59,9922982673125
62,8134629515994
63,7777974497424
59,6936107099493
64,500140314689
59,9756830325237
56,7608818699424
58,3248009338625
56,3409082737477
59,4851939657169
58,1424825140939
62,9213894870698
59,2138947519539
63,8100686407695
62,5233225885422
61,0297076222626
61,7558284554425
63,0131139899666
64,4344137606372
60,1245850185513
60,8887057359744
56,9680163855516
58,3405802554175
58,6566968069676
54,1747984379413
53,9676769515349
58,0719477371648
56,3860563404794
55,0532460771749
59,2521987339725
60,0176393124357
58,74678295513
56,345753712275
53,6249469330651
51,9775213147409
48,3445272214453
49,9584111454703
45,6400465386175
42,5948764745123
39,7139806019674
39,9953059083761
37,0559564032853
34,930602055942
33,2145349789479
32,5524885382283
35,6916282725016
32,1567116524823
34,0122463572828
31,8844419889546
29,9447696981695
26,0644520870711
26,6584459862944
24,008463522889
27,7593978111444
22,9262921530411
21,0088311419864
17,4574319564074
13,1056499030002
8,50336153223341
8,51701262337953
4,88828455558438
8,3593747896885
6,25610411691303
5,07325880000059
2,45210391350659
7,38024881918932
9,56018503502025
13,5734970791143
14,8170965862541
12,1633446273224
14,0558457370177
14,1003311770505
13,4027867756798
12,7049824188953
13,1138283704007
11,8172985929146
15,021963589835
13,110594536695
9,08875752896484
6,46771942566514
4,7955145592781
2,04425064010749
-2,51383638824975
-6,90697436076908
-3,82770409287306
-8,65625741363323
-12,2771313075335
-13,4290948386439
-16,3167959597505
-21,04676056702
-16,1283554747367
-15,1626894973044
-19,8787657333904
-17,9375868886418
-22,1897546933916
-20,379519621087
-16,2155984534023
-12,1581074838331
-16,2530196743332
-16,8432110207356
-20,8840075022932
-23,4322361664065
-27,8203009687458
-32,2943533781423
-31,1265267786227
-30,0513298297539
-33,7597915291598
-30,7119696357808
-32,3698812990309
-30,906457179648
-31,0285831876232
-27,6686133200622
-22,9985583657391
-19,9798086332063
-23,2939526756731
-19,1714168242976
-16,1422395618363
-18,8523722620924
-18,1144878469009
-20,9070894126347
-17,3580706130517
-19,0261708661104
-17,1251577009098
-16,1515935865005
-18,7237506377155
-22,7969155054524
-23,0363538293336
-20,675077075453
-22,1207136274877
-18,5221027482869
-18,9825536934577
-14,8353796661064
-17,6518365287463
-16,0834821900741
-19,6637238118162
-23,78770001409
-27,1508991309212
-22,2349337498819
-22,7958983219209
-25,7918250028936
-21,9119166242479
-23,5806124115272
-28,0746642793876
-27,425789519877
-27,0336281191713
-30,475192894449
-29,1795818713398
-31,9144078399587
-31,6590849527432
-35,0337886088684
-31,2527307990252
-29,3786769310844
-31,0590703767067
-27,361381001473
-26,5005911474584
-23,8732873759573
-23,3225292052712
-23,6841581220198
-20,5860534802014
-20,3450620129448
-24,0304267401948
-25,1001651934814
-25,6067067480677
-25,8632292905185
-28,9393542259649
-28,2086542612913
-27,0322275310904
-28,9305269154396
-27,3315355611646
-31,5217034013577
-29,0359684331509
-25,9227565517289
-23,0719246799461
-24,3381135837817
-26,0106235281613
-25,7929089412991
-27,9669573264973
-31,7148189208073
-36,1334162071037
-40,264008483041
-40,6327843738872
-43,1373967291495
-46,0314428624843
-49,1023757583938
-44,2848226890362
-41,6193275021478
-40,7917600291742
-42,3059062670477
-46,5983417823902
-47,8058871756334
-47,4806215485933
-45,4821917486759
-48,6643310094551
-44,4662870487506
-48,7768490024734
-48,8272021705411
-44,989356403234
-44,2268857286436
-45,5018860336867
-40,8404245976546
-40,4584161031331
-42,2645056956747
-41,5983230185686
-42,1528322911601
-43,013270915492
-47,3454249870709
-43,3222029909129
-38,7364075326995
-38,3662082130863
-42,7231329459338
-42,9217807892345
-43,6231610242385
-44,5661926546907
-42,3374957369349
-46,7277283788321
-42,9084807508198
-46,0841730707716
-48,5197817294484
-48,5938573412568
-49,3354774635915
-44,4323449718916
-46,7417720038172
-49,3476358728239
-51,5410991253056
-51,0565325925389
-55,5692274242496
-54,2738762820483
-50,62108837097
-52,5767153210829
-49,1988720973948
-47,8190032778396
-45,7555223376283
-43,2283836268951
-47,3084423492236
-46,8210431196824
-50,383729417987
-48,5545244503554
-45,8940613110987
-43,1045555826763
-38,9548484417399
-35,3125752510095
-34,0708032362492
-30,955148793736
-35,8906595762309
-31,8995571261735
-35,8729112641294
-37,9314498337597
-38,3422860122948
-34,754009409693
-37,8838189914281
-39,758479839544
-38,4850254135602
-42,6484791271614
-38,1818593098697
-33,4235303655376
-35,7320948390905
-39,9323205626254
-42,0726746330376
-38,1117504383957
-39,459494231017
-40,0869994447971
-44,7165653597174
-43,1751429513912
-41,182786855466
-41,9195804078688
-39,1817091913808
-37,4102281371178
-39,2732010452417
-42,531903357027
-38,3594497006197
-41,369407040239
-42,2055624994475
-42,4306768865467
-41,6544596392914
-41,0383529523565
-42,3769924754169
-42,8020739498557
-45,4724270363675
-46,6569927389067
-47,1990720681841
-44,6532283302644
-47,9470410095281
-52,8825297010515
-56,7083470694293
-56,4558429976253
-61,3494286040539
-60,1224939502414
-57,0619750568
-60,9003627234605
-63,1043990203665
-67,4668595951361
-68,4973005570924
-64,7977616124776
-65,6605120914338
-65,8832997367173
-62,6114606310666
-57,9111110246326
-61,7878126780445
-60,9865299081367
-64,7332986745672
-65,4781338667861
-60,6736995282926
-62,8258333950423
-58,4100104488479
-53,5298626909637
-49,5683680798711
-53,0697992667881
-53,0094702276445
-54,1589570972877
-53,0619886298952
-49,9454716290093
-46,4753442660325
-42,4311326339054
-42,9281291099862
-41,8217166405272
-44,1554091750436
-48,8494863984405
-48,4822466217364
-51,7423945976153
-52,5856025435894
-56,074665980914
-52,3637038200924
-55,3882890615557
-51,4429550764351
-47,9080408452582
-44,8875572229212
-44,4232516267445
-48,7856155348874
-52,7866106423487
-50,4423430610645
-51,4813321905589
-53,0297120115858
-51,5013478680054
-53,9391448041141
-58,7363889411727
-55,9949795417464
-52,1366583542603
-56,4879699919782
-60,1939351182402
-58,9029256575289
-55,2950800770405
-59,1284744623715
-59,9184686992869
-59,8538248333399
-60,1743781311318
-63,0069660688783
-63,0816186629615
-63,885083242266
-60,8542461906812
-63,7433413014483
-60,7774249724007
-61,4443151426708
-57,0608688202039
-60,4163781043218
-55,6740834334279
-55,1298807864682
-52,3008612065114
-53,3983290583819
-57,5174203433643
-60,6577562078171
-62,1605671929012
-66,2996344716752
-67,2383103250704
-65,7320647759978
-68,5961071791109
-68,9312103571981
-71,9894471378016
-70,507438569566
-71,2071909085881
-67,8421878385554
-69,0342015605579
-64,3769671462369
-65,3037622432708
-64,854919679861
-64,3059732063235
-68,961642258317
-69,4606858605801
-67,5499149679904
-68,2840276850779
-66,9165255161545
-68,8213892997342
-72,5536191242531
-74,9468200839808
-71,058720080675
-66,6803688284384
-62,0524677876627
-62,9842939311565
-63,1004205034582
-65,2805121104608
-65,6219588944791
-60,7095690750096
-60,753780035653
-55,9860003883885
-51,5516296501977
-53,7578092044023
-51,0108963451399
-48,9056148770757
-46,2018546630637
-48,2731683940036
-53,2586185137083
-58,0329696708512
-54,5896308331702
-49,6933430734525
-45,0275090919004
-41,724590480665
-38,4159085659384
-43,1560036391746
-44,2213998801174
-43,1258556377729
-38,7278919148854
-42,6846456656627
-46,7663969782956
-42,1297521130786
-42,6163455669844
-38,8518176478575
-41,6223988084227
-38,368265127469
-38,1950409841701
-36,067146687334
-38,5590901312228
-42,9623671658162
-40,904477374118
-42,2423771988798
-37,6006827538836
-34,1480695033204
-30,2958722646794
-25,406417497623
-25,7675833328476
-28,1125612152333
-25,3105276009582
-27,0714781210159
-25,274281937291
-26,2921973137614
-27,0408599111442
-25,8990065850778
-26,2472092063386
-29,8757267905752
-31,934761731855
-36,3495803397845
-40,2799110022746
-35,9119148882627
-40,7783447908137
-36,9900156054599
-38,5680709353499
-39,952763968591
-35,9586228364886
-35,639478662349
-35,3851055611787
-39,7152627421148
-44,1508611357542
-39,6580819574455
-42,7260246326802
-47,1501587155043
-51,7295290025554
-47,3117020876667
-49,1439430365078
-49,362704374065
-54,1081110593435
-57,8948903283546
-53,4441689557601
-50,02494180809
-49,4038710461016
-53,1242894046587
-49,8307787765892
-48,6718645336441
-49,4258144681462
-47,4896504043087
-47,104342941709
-43,7327897216812
-44,6200591812935
-48,7621227576221
-48,4489541353886
-48,8609113841601
-47,802686424834
-49,6626259827346
-54,1994731147771
-50,9299125084327
-55,6897570033044
-54,6633695250672
-50,2048974066064
-51,671844342105
-52,0367626762189
-53,0677713305073
-55,9771508192537
-52,6678963832873
-56,3609042281103
-55,1395739615613
-56,5781190509806
-56,7446085632521
-58,7705142883447
-53,8999555720482
-57,7830664710063
-61,055322143275
-64,920862123799
-67,2704199339591
-68,5234945819357
-64,6695061259295
-69,1746875686453
-66,9116571414804
-62,5424002402194
-65,4844231719544
-60,5505864604146
-58,6677665792721
-57,1106543005959
-52,4041891179067
-53,2245785618315
-50,8805639882947
-51,3629230304448
-49,0823537595954
-45,1276797126642
-45,2294812678497
-45,6883981105352
-46,4601922740509
-49,7054436615228
-48,7877753534297
-50,0036298716458
-53,3515504553689
-49,1625893251796
-44,1783331330765
-44,3264110453084
-41,3016912463595
-42,9269820931028
-47,3751851182315
-46,9777261731111
-47,7355543490199
-42,9945070263904
-44,4090827318882
-45,9555000001357
-47,5477172306495
-43,1545821405736
-46,5454177286222
-43,770675679562
-45,7935506015986
-44,1364200246224
-41,7359249744266
-43,136708621465
-40,3844468367214
-37,972567769686
-40,5884124411216
-41,4587685612304
-42,4957909795902
-45,7921016708911
-44,5112160311598
-43,6323795903625
-40,5564837602696
-40,2270082012876
-38,33832493673
-33,3653292215268
-33,1485375101438
-29,2822408020879
-32,1873948663415
-27,5223675405245
-32,0118051753434
-34,6006968359466
-38,2561597336345
-34,5728918186263
-30,1908520819577
-33,7054911459356
-36,3905506913506
-31,4251328312909
-35,8309465697179
-36,9405147279336
-40,8306565395699
-37,9432223587964
-35,5977127238166
-33,4742563280623
-36,9102982487112
-34,339222989203
-34,9849694268708
-37,6665174717393
-36,634633774699
-37,3944334254574
-35,5896276238326
-34,7350153116207
-38,8460708054928
-37,525040315243
-35,4312168017175
-35,7582562676437
-33,4366931526161
-29,5239968875069
-31,671632829435
-33,059204250136
-29,8224132297665
-30,2809271683362
-27,9826380140067
-31,0385009278723
-28,7743212439932
-33,2083045054266
-32,8957110307625
-29,1784838955749
-29,9613072792819
-28,6944064305604
-28,59746781811
-31,1787303496053
-32,6432727312871
-37,5707269914312
-41,9768958710958
-38,5834444121381
-35,0501176063205
-39,0976781719819
-40,332160692351
-36,0145526873016
-35,3958105344306
-37,4974707781791
-39,6630577671635
-36,8084121806586
-38,9481906564665
-39,2922406034974
-42,7700767702284
-42,7465701581662
-46,1571257566834
-46,4480465540886
-47,2842487330941
-48,8820045436183
-46,7689507416305
-44,7871930593565
-44,1335522379417
-42,5651801110083
-46,9760350845643
-46,574662535719
-41,7153858238437
-45,7174444830592
-48,4589626982152
-47,8219362710705
-44,720660932232
-39,9556780839133
-35,812416347122
-36,4263480140019
-39,1071933201082
-43,2907945538363
-42,5635951839218
-38,8632231293541
-37,7235894010978
-36,3544657204088
-36,2072869349305
-37,672530881908
-34,67884445548
-34,340393191362
-37,6333201409473
-33,1896765731227
-29,1057610111804
-31,4975313802704
-27,4536784749728
-32,164591612371
-30,0368088786662
-25,5287114649679
-28,4256084372409
-31,7309140142663
-31,4252303477494
-29,8715304117052
-30,4526254932641
-31,4271664998621
-28,6228600673484
-30,4909058103761
-34,3977430879128
-36,6301669490664
-34,571040728861
-29,5893250031347
-29,7922605857217
-31,7228304230249
-28,0114465733112
-24,5372933822392
-27,2004980231638
-31,4947329561667
-27,1984257140189
-29,3093533671039
-25,7399078927654
-22,9452337524599
-19,6901683484624
-21,111870599497
-17,1237993436511
-21,8086097863543
-21,9473107098356
-25,8018092512161
-24,4843522643132
-22,2333051833479
-25,279216747861
-28,3098218256188
-24,8005781321789
-21,2074002070387
-18,545520386447
-16,0969530726303
-12,0165684060271
-11,2511136481776
-9,85361980034671
-13,1518794238343
-17,2558138017802
-19,2481343304962
-18,9721733722706
-21,5925707256387
-20,1169408928216
-17,1049701921199
-21,5635833454149
-17,925940457697
-22,1936807395861
-26,5839183687157
-31,3124840968812
-27,9743962585807
-31,9816166381266
-32,7429062513369
-36,8042543119771
-37,4958254245556
-39,0561964055785
-42,328810488027
-39,7631818078287
-40,6594664466844
-36,495306529801
-34,8365015559068
-33,0220042858375
-34,1798886443395
-38,36640094098
-38,2766696430168
-41,8041976107304
-40,6003111184576
-40,1927607763525
-43,9299442404555
-39,5361757159867
-37,9648351147607
-38,6565638955946
-36,0619970299592
-39,0689903050982
-38,5072243020438
-40,9885111199638
-40,1130483625983
-38,01038044645
-42,0342798913057
-37,260477180714
-36,0368209919132
-40,6235792514046
-39,915884635372
-37,9362718262413
-39,3202712290549
-43,3436559272668
-44,0731226206166
-41,4185966348362
-43,065145701666
-44,0562074068264
-41,7032086577747
-38,5033825801235
-41,2096040934369
-43,6720236338079
-44,434762985648
-43,2415807844333
-46,8077354677057
-50,2416205244333
-53,8557219895794
-52,3162233211641
-52,9787229667319
-54,7486304211191
-50,2791872389052
-54,0631933925036
-55,3630997218951
-56,3332831027607
-57,935070347942
-60,6893666860132
-60,3124807497079
-63,5227650443664
-60,9585987827548
-61,3338807813515
-59,7443526562976
-60,414440005745
-62,4739362776624
-61,2283730442768
-65,1215703902401
-63,2590675578728
-61,0615804516997
-61,9484644555247
-59,7465257298884
-56,197165223396
-59,1430658144611
-56,8891875734037
-59,8484177979866
-56,4769032744118
-59,4624105419323
-59,4054241359259
-56,6496780592248
-52,2810942573851
-56,1962263920327
-56,8868785779397
-56,1701091966453
-56,7335073099162
-56,2972049537568
-58,3036413105688
-62,3598427522741
-62,868141982643
-64,5886228441208
-60,0024388660688
-57,4240363190994
-60,399206674378
-63,1215666249029
-66,5578313970742
-65,1130593638462
-67,3847786161978
-70,7744806636006
-67,8106148274665
-63,2135380959202
-60,2218406811458
-60,1354611339679
-60,5641186496076
-61,1954908125082
-58,9227082738293
-54,5851483310504
-53,7970084831105
-57,6210153464326
-60,4054504052761
-56,2302263342916
-55,901647187258
-58,886323300603
-55,5450969517907
-56,055139366563
-55,0468372320975
-59,3419893921083
-61,0871709445898
-57,1792223244809
-60,026296086156
-56,1326857917629
-51,1857457068683
-50,8839810317774
-49,2688791473717
-50,6858954535266
-48,0745923254055
-46,5398788761999
-46,362769795285
-45,0910493382677
-49,6006851571616
-53,7915789493321
-49,4790899215635
-47,7178733505858
-48,6672464542404
-48,2073367797804
-43,4432881178536
-44,1610838631918
-42,6475584821997
-37,7068385052061
-34,2628516625906
-34,1638097186405
-29,5156472104209
-32,6980767039108
-28,9698430867726
-28,653366388126
-25,7024263966375
-23,1315663052405
-18,8943901070834
-16,3595180475896
-15,0901801325801
-19,2312927447406
-21,0413391590311
-22,2210070314915
-17,7636353172193
-13,6933797754783
-9,04324312882653
-11,3533103891431
-7,88203272637078
-11,8936739358556
-10,1363492268773
-14,398280137404
-15,23782927554
-10,7214098846174
-15,0357809290457
-18,6293221957187
-13,7665871525028
-10,1992245764468
-7,23452758613723
-9,35321091178493
-9,62730198848405
-12,9012041086803
-13,7098816496832
-15,3957831791583
-19,9318214016649
-17,8779371072902
-13,6324893211166
-10,5031197427321
-8,92958868477944
-12,6309634990203
-11,9989197966638
-16,9584767599397
-14,6609395088912
-12,01870248747
-17,0163199454622
-12,3848431521956
-9,76569053007559
-9,27353362984658
-6,96968877314114
-6,98931741853682
-6,17954439072853
-4,10542846848514
-3,2945018765957
-2,76933528611875
-4,58594001810347
-1,8800222649612
-5,94143118287507
-10,8096880655781
-14,6777465146397
-12,3559716308285
-11,9022299753978
-7,51865255996526
-2,91248945887786
-1,55662993507306
-3,7476667988802
-4,20442676367448
-2,53686183483197
2,33899328035252
0,695363630398776
-1,90114894970377
2,92365880586374
-0,555574125869038
0,560827555861673
2,73348003287492
3,08979512103354
4,80667679328779
3,24720863171254
4,76542247215535
9,27945932107017
5,33361148337532
4,12091759458223
3,49149573756914
-0,244986543080334
-2,26066090737504
-0,189117260831035
2,46267574022645
3,3778470281408
7,0440028966609
2,17470609917055
-0,0672498764783733
1,04804333581029
5,16174800468687
7,15917603213298
11,4109322062744
12,2558157366029
13,5042820235268
8,93856195916351
4,88023968640722
4,71351357163556
5,17265607843761
3,13656794286169
5,87986544979726
3,01565199998001
2,916009436788
3,07157303582481
2,36057899536588
-1,68170676412144
1,95656735075474
-2,87458114692693
-1,40806755116589
-2,14268163644837
-2,72230439480505
-7,10459812642293
-12,0268087377897
-13,4923399651853
-17,4091764527416
-14,2891167566596
-12,6672792912775
-8,38296341401666
-8,22579327888129
-4,59772453158992
-1,59631547126751
3,14883644140733
-1,25283723289749
0,0353569747113038
-4,25353993859776
-4,73020089777665
-2,86555539018737
-6,53778644350258
-2,42993764226792
-1,14733590565036
-3,64848179446932
-6,96354183925485
-7,90864749714208
-4,81840719926101
-3,77439859498967
-6,53960700218551
-5,17644671964298
-2,34768468297448
-4,56514699597155
-2,87106823542675
-0,594171062388576
2,90313330381319
1,5673229105618
5,05998102019536
1,7548969908407
5,25089539133516
7,17053403014804
7,88782143168512
7,64954144956984
10,7779480404117
9,59039051066633
6,24775236064925
10,9238561107422
12,7549298702529
12,7174326743546
15,7155782686153
12,2530384931029
15,8652017223021
15,3096622346479
20,0753291533679
19,1683978862913
21,4789030544827
17,5399057555664
12,7238176147098
9,49034941824631
7,22578670467516
8,78859863094451
5,77614772169668
8,26660789002969
12,1149798096693
8,87187922320878
12,6649546519224
14,1667328421803
17,6298242167708
13,980995791024
18,4851004851447
19,5660627910709
16,6717310071325
16,265009244096
13,4801139302925
16,0838143323007
12,2311724383529
13,7972213671529
9,77666357754571
7,24682284390869
3,0883151051068
0,0971513102283179
2,32097189283041
0,448709386609795
3,49457239662041
-0,808096235063001
1,94290081828033
0,327202342602956
-1,65592688911408
-4,05491686149266
0,911475143354114
3,34777680847222
1,82805455607734
3,55418086217443
7,51365954639092
4,44684602061603
4,37893556867674
7,60576280188081
8,51911090012596
9,89061807742834
9,90998511896931
10,0655687786944
6,27858115419677
6,75848333945425
7,21688144943529
4,13406473776978
8,56585674619572
7,58474173843148
4,81409756458087
1,9760640812926
-0,0782252918362052
-4,33376905244487
-9,25220856175397
-6,53845596897346
-10,6134164266351
-14,8868153453278
-10,5478240016605
-6,68801240468773
-2,24341524636534
0,907625304957653
-0,0864723348461673
0,322301569544826
-1,19279100848029
-0,330709661511128
-3,9459300921047
-6,87812706310217
-9,27744250478106
-8,89790059481652
-8,26410104206957
-12,9821828300982
-15,3105719761507
-17,3900411033025
-21,7373402727476
-22,1294052396572
-19,6786130148352
-18,9927044133622
-23,1968805837431
-26,4529621863985
-23,7836228026001
-22,654943080924
-26,3894037210333
-27,6572916599258
-31,5023459617525
-35,6474417101813
-30,9921423094311
-26,7702065439756
-24,4154653695484
-23,6489402147238
-22,8478534509651
-19,6149758480559
-22,0207807174981
-20,9485027664102
-17,1662726915285
-14,4039651446063
-17,0383603275001
-12,4277671903501
-15,7570909526
-15,4061599240667
-16,3110373082157
-17,9204422272372
-13,6039434972238
-14,5516933987624
-11,1666079592736
-14,2191703450956
-9,72881468233135
-14,7036349283083
-19,6118795194719
-19,1382540618714
-23,8752936939128
-23,6361627530475
-18,7053855013593
-16,1103125550367
-19,9198403418622
-21,603922905216
-19,7184217137836
-24,444631414695
-25,1908032084773
-27,5608000380736
-26,3540180918547
-29,1911742879037
-29,4781124333284
-27,6439530298319
-23,0654978836261
-20,6645759337883
-17,9768528523747
-16,3775199495152
-17,2392191515487
-19,3488258679159
-22,1064956519318
-19,2662965642597
-20,2510642005369
-19,806171399451
-17,1573756179574
-17,8786313151376
-16,0664503234748
-13,8531610620456
-13,5061344404268
-9,2986263564316
-12,9340777676246
-8,30395812089742
-4,17377776427838
-7,29266204745169
-6,78909726058559
-11,2271414376922
-7,92504108647122
-7,92591890223602
-8,04411316432253
-7,5778005260871
-11,7009941705973
-14,6091796525797
-14,2524147216475
-10,211741654301
-6,06759257198668
-9,1353137600866
-5,45778053368341
-7,97544120716653
-8,50164625491095
-12,5174827652599
-13,2577682324954
-15,3667454725908
-14,4798665165342
-12,2785043913306
-14,0472091497142
-16,6244478694277
-20,4005492922853
-20,914664841683
-15,9683876768539
-14,0566597664993
-12,5529233215158
-7,88071139151266
-7,95394771404285
-7,90762759182029
-11,6421730102237
-10,0655107107319
-12,0328472633999
-14,2009011256513
-17,8703065090209
-13,8538071857085
-9,75498558709167
-12,0663846899133
-15,3488575249672
-11,6768693652362
-14,6632824370933
-19,5127667391267
-22,0293325823869
-22,0547732860105
-20,7540295672389
-20,0375125976454
-19,4363015212288
-20,1064598560829
-22,3669655469093
-23,0041024149415
-23,0563088637108
-19,5827830348084
-20,8395423441378
-23,9107241127225
-20,2609036375121
-22,1801001309325
-17,8420428851815
-19,0258269845629
-18,9729819651568
-16,0029041375979
-12,040327944346
-15,8357335188593
-13,6706826783115
-18,3602378696018
-15,5850193838519
-18,0175326010294
-14,1179172364613
-13,2723301478067
-17,1205854379202
-16,6632898089771
-19,7779479179429
-23,2068342823567
-27,0333386873982
-24,8184478910726
-24,6306726940119
-26,5498931503622
-21,6105660268155
-20,3612267460494
-17,1760860142187
-17,9463258189831
-21,6358089850451
-24,4619142052075
-22,529196584378
-26,965296038876
-31,8667694678841
-34,0748407151899
-36,2414191063687
-40,1375738904521
-40,9554482279138
-37,705657117863
-33,0272150403016
-32,7446093423034
-30,1088534645312
-31,361404127144
-26,6519921606649
-30,8429996580086
-32,8575348005898
-35,6845454525596
-33,4852046419332
-34,7519477059841
-32,9350461009588
-28,1794221131967
-30,0013251579373
-27,7191264777068
-30,2416052367732
-31,8649253211287
-29,5648950871848
-28,0365451928399
-26,2955021584851
-25,7264612269246
-27,5849848438916
-29,4962668789068
-28,8651917101188
-33,0421068859483
-31,3825458923274
-29,5938644789131
-30,3219876742559
-28,7208373792101
-33,5089191414923
-33,5256294084367
-28,7915642344354
-25,9957940857838
-29,3323326596675
-31,4303790598318
-30,6515255084501
-29,0487893154141
-30,1134315576001
-27,6873853000288
-25,1819064701823
-25,803123775778
-30,707809089547
-27,9414713140305
-23,8914728438908
-24,4395890480092
-22,0267304577989
-25,4718376116231
-21,4760397870448
-16,8255208464459
-13,7391415418774
-12,0172948865301
-11,5253963677797
-10,2203246533034
-10,8575224717416
-7,24443774076388
-7,13612301374608
-5,5463989011694
-0,894868371959275
0,917802681642466
3,00569102540875
0,926421578473581
2,46353727647265
3,84785183884566
0,808922949158059
-1,97502597327115
-2,97583421132336
1,04529724505043
4,13745980669623
-0,586396837880114
-4,08305170903127
-3,20826666113377
1,23305549669685
6,10703947306936
10,1299105375679
7,49217087751819
7,96589712284777
8,34103573036426
7,37975522520938
3,55894659811579
1,96917283207603
2,07384097952106
4,86672456835707
4,48808243241535
8,00285342289265
6,49292500526312
10,9843162195684
9,41330967909342
7,84627764618314
5,89665434132172
8,69029321413964
12,8794226529446
14,8306283167706
16,9533150209828
12,2914729347878
11,8762212115695
14,7178882079748
13,4288883318327
14,2341549970368
16,0681023896057
11,5207944235395
14,912521557376
13,3752518419061
17,0949063110607
20,2420801228108
17,4536743794818
19,7341988769985
20,3521134193763
22,6343140693541
19,6348559109656
17,7742143966137
22,507390516115
20,0583951338466
23,5307342901503
21,9331791097918
18,9163993061131
19,0442462703419
15,9600041042827
18,8295476761784
22,3005472041203
20,0252070673859
15,5954053698086
16,1835688590927
16,2253547255999
13,7078592082056
11,0220748982495
14,945654282321
12,2642897359395
16,8001157985069
16,2382385862238
15,7588319297688
12,5215580512404
17,0914299935528
19,296202095829
15,0227014348016
15,0412005349254
11,6831383978403
15,7563675175217
17,2305515698299
18,5337283036363
19,74327538849
18,6167520604174
19,7635448699647
16,1959709954429
21,1069892049334
24,16745195825
25,8055767793234
29,2844432868456
28,0046851714163
31,3596228889001
35,8165242014529
36,7424333639174
37,5838899158797
39,9181570531419
39,0274445824452
43,9099383139563
41,7135019585087
45,1344463765316
46,3715963630804
47,2045544847867
45,4925693573861
45,4544584012843
46,5365468810948
44,3806247433557
46,8605732414222
43,2372056055987
38,4005097827876
38,7467422982429
41,492582115574
44,8765278350918
40,2178101684981
41,2724280130455
41,7140017946781
38,2803686327675
35,5418210758556
39,3930042671938
38,8164097600692
37,9721471238751
38,1029147808919
37,524956510181
38,2010473791514
33,6457602557007
37,2441538247485
33,4250421698321
33,4062636449962
37,0009478260767
37,922217395586
35,1578222006362
33,2533067736091
29,0973123810707
26,312247836642
24,5332412815341
22,3693204146666
18,0105463452686
16,0257082064755
12,273366247431
15,064754439548
13,3674693868343
12,3199470142461
15,85433285956
18,7514914356877
15,0433837413058
10,7764104314969
11,1127065965499
14,1263619806274
12,5286454486328
8,01298082946467
7,28807054333759
7,3608852375116
7,61898957547679
8,0780778141124
11,7259040948589
10,016080855865
6,83118911312477
1,98805636586059
-0,168641638089327
1,1948538367612
1,096053971488
3,95891035858485
7,84417467557083
8,29953747023801
11,2272368423767
8,47798478485917
10,3798189947287
11,5488292586751
13,6691181471893
11,8876568586042
11,6880047096349
15,2392096865173
11,2530040886499
7,31279908787118
3,43348963346023
-1,3632506301456
0,233131181557201
1,75801433471865
1,14221289807096
5,85389908442915
4,11599648842396
2,28322944943006
-1,13783254341127
1,97251625683736
-1,38130388752624
0,78148622334998
3,61886645835766
4,00378382718361
2,57089300200845
7,50170968589447
3,52268056176722
-0,992960760366678
-5,82110089520981
-5,93693832910483
-8,0467502717147
-7,60689171152516
-7,53967840109943
-9,46065535045265
-4,49119614646366
-0,450051783328028
-1,61885930300643
2,54842659810013
-1,55820690633652
-6,37446214974606
-5,69047461994486
-4,96658988295436
-5,90756959091299
-6,70926025216905
-7,37086255912249
-3,92629601477013
-2,23250106546685
-1,94227596136853
-1,16960727198503
-3,03799146229314
-4,93659339143742
-8,20262621771673
-6,91870783777854
-11,1437923210412
-12,3346093820104
-16,5697001207479
-17,1563324132732
-20,6394155722296
-23,037514483108
-20,8480422784799
-23,6504744429377
-24,3344852697731
-20,9551401580476
-19,8255083220199
-16,6559013801888
-15,9750693947893
-15,8390229688208
-17,3216642077648
-15,7662402585924
-15,4231860583757
-14,5426923523391
-15,4478808494508
-18,1740143840081
-21,7788211334399
-24,3524598629925
-23,4301647443466
-25,3263949255117
-26,687324029248
-30,6408043534686
-30,5182617229961
-32,2812399884134
-31,5504942166389
-31,8388042281563
-29,7985601726913
-33,0157956774421
-36,8595747937727
-32,7036346135213
-33,4113368198329
-29,1414967082169
-24,9369467654904
-25,3091701098296
-27,9948944705516
-26,4295096585665
-27,7256153676313
-24,739438446583
-28,3714400899464
-26,0269004646815
-23,0975120086678
-22,068809611755
-18,4112439041079
-20,102723785724
-21,9262875974767
-18,1914864425509
-22,761871953384
-20,5107498497287
-16,5041632817613
-12,0440625734833
-12,1553374441133
-8,80678319782343
-5,91989537743855
-3,25875593501094
-7,48445912379988
-12,0140619585357
-9,53470349988662
-10,5822530298412
-9,11543096607347
-4,51113178139148
-8,17203072513091
-8,82516338435251
-6,81177732619083
-5,28688552104266
-9,44313688876262
-10,1956182393226
-7,84474423287666
-12,1294666883208
-13,5632486215622
-11,033821930659
-7,46384975615145
-9,05483342663153
-12,9964705128207
-9,41871501943976
-9,24433365661861
-6,63396515726771
-9,24501118913535
-12,4309886770468
-17,3704031307113
-15,3744585138628
-16,092383014547
-11,3032610627373
-13,5270831354555
-16,830962960064
-17,5637479091826
-16,6200043617842
-20,2370520705531
-23,6936415702541
-24,8401617258044
-27,9962832517905
-23,9102568984546
-19,1588130775648
-22,6394582202843
-25,8757590483296
-24,8703204793252
-26,28779936409
-22,2724830253388
-25,1398091228399
-27,675037636736
-23,7461200979288
-27,3621929494489
-22,6478560048379
-23,9629519679412
-27,4857920908769
-31,5956635571066
-35,1159547572565
-32,8257634247774
-28,5166310977735
-31,029873018167
-32,8659447063069
-29,784501509175
-29,1191655626145
-30,2273006389046
-25,7564231919854
-25,4341995066192
-28,8842204021683
-32,3135309886717
-31,9962651059015
-34,7385883516347
-34,8385832667531
-36,9740169085442
-36,1665534023972
-34,3047557022911
-37,5824161095464
-34,1390157719791
-30,3204874183613
-33,4308259461219
-29,1361622042658
-31,5638452798892
-34,9719850323033
-31,3769328717036
-36,1206528060701
-31,7714017800854
-35,6397337725572
-35,0277163041885
-35,4599777494837
-34,3557598345708
-38,0567417843532
-42,2507501427321
-44,4632438917008
-40,8096916767815
-43,7358717125543
-39,6792192918618
-43,9896677592722
-45,2272324823902
-46,8065420756148
-45,946963178435
-48,8984857680736
-47,4570102814851
-48,0015508169316
-50,989719115193
-52,291668659212
-47,4166715109799
-44,8519051097576
-43,7875539291593
-43,2110902868264
-45,3585510423215
-48,3959865981695
-50,3622270586725
-53,2906268785199
-48,7005795509092
-45,7050519602863
-43,968236557659
-48,0733387256384
-48,504462574378
-45,6792994428796
-44,3632145223037
-46,6030176061221
-47,7441576275715
-51,9896724969102
-51,5439113073722
-56,2722399440931
-56,7609657029441
-52,2907951997086
-51,0443423297464
-55,2535959357646
-53,5027848503101
-52,3305386827936
-49,3706343669309
-49,347924436139
-51,3889749797011
-46,5477909178231
-48,6946026625553
-45,5777452027323
-40,9977166568851
-41,1007149522663
-45,7194320348649
-48,9349474101025
-48,8676305831726
-53,8320767571369
-57,116877446937
-57,975223976176
-54,7099654654554
-50,9755740039869
-52,7781150805663
-57,1200904562698
-56,78308589467
-53,6213313059982
-52,5006559246689
-51,5633837792853
-49,4587782930858
-51,3593963120876
-48,1697788802767
-47,4827885243497
-43,4730902493341
-46,7329299108745
-42,5461536960427
-47,1413270510461
-50,8230135197859
-50,5494087331694
-46,723756176291
-45,0434630993026
-46,0408029710134
-43,0297533623082
-38,9171026385936
-34,1682393728609
-34,0259000375057
-30,4059420947014
-34,091072808528
-29,4191983618864
-26,9753181477895
-27,4437178519759
-24,7508377627242
-25,9275316102094
-21,8882457897479
-25,5841380709709
-28,5777252184124
-27,8008424387318
-26,5281308589169
-25,9397026132512
-25,4859607808693
-21,8969042840866
-26,8453334978994
-29,8227013274203
-26,904596882828
-22,0450294073882
-25,3934627773211
-23,2272648779803
-19,1201056931728
-16,2802374857852
-15,5700119959983
-10,5935557235935
-15,1273846300913
-10,3336725897779
-14,1237713206205
-14,0888650874091
-18,9498717449373
-23,6956628429219
-19,0739221051681
-20,6253264474801
-20,1096411585388
-18,3925945397433
-16,5457092372449
-15,0969083025572
-11,6035163712705
-14,0305111808845
-13,6240092891381
-14,257698009842
-12,6099934743765
-9,9044029181379
-5,17065543223679
-6,76076199708552
-7,62864693190384
-6,89876164630939
-2,07889869207475
-6,84230263197912
-5,2135803411779
-8,23355238336779
-13,140607219255
-8,88752397098007
-5,79022733531447
-2,81408589930008
1,6987128586967
0,173713937482564
-0,864637105662772
1,6027868360293
0,668216038340704
3,56738408727905
1,18078897063647
0,185168557886479
-3,64971706580833
-6,89751311526528
-5,74237107333847
-7,9182551512115
-12,8455121944871
-9,10881698090072
-12,3666457866164
-13,7638759351168
-15,2346356959244
-14,8895364417181
-15,4364708580248
-13,1512155072537
-17,6327221433785
-21,2311535148096
-18,1250327933232
-20,8247007386875
-19,9803595314643
-20,2440737235566
-15,2702246374779
-19,2969194284161
-15,8907354860059
-12,7317701013442
-17,5705063634416
-22,2018488739627
-21,8505498519404
-19,3110059990134
-17,1067581382147
-18,7348739145021
-21,2477219366692
-25,2217539470745
-21,714177959
-19,2068441161919
-22,4539377202532
-24,8106127720377
-23,2701365921043
-20,2885930567462
-18,0338416635217
-21,725842520467
-21,068700191597
-24,9855324509487
-21,4911075851374
-23,4651551458358
-20,0143674272181
-20,2665215173116
-20,46650385273
-24,6544625678354
-22,1968144956962
-19,0855843662684
-18,716704008969
-22,05538710675
-25,4323043722811
-21,1031609778774
-18,1778420150178
-21,5377423407221
-20,9395466958823
-22,9333977042388
-26,3424574915984
-25,5559729391505
-23,0831560390458
-25,5499569352484
-29,0175095824607
-25,647222611889
-29,5316047382224
-32,0283324886246
-30,1908092224929
-28,2450774816076
-27,7127285267752
-24,8375601111156
-24,9764676624801
-29,8518904763517
-29,8063098149405
-30,269967750772
-26,1908242717344
-22,3001429263038
-24,8212625830534
-24,4410310799448
-19,7328534139009
-19,3194355859047
-18,7507957610074
-19,2115380238796
-24,1296422430919
-20,036624511721
-17,0336206453079
-21,2077855696939
-16,8049003145681
-12,6264677208973
-8,04445284094879
-12,9316461193058
-10,88651681593
-12,3521896276401
-10,9615863049225
-14,4933194641459
-15,6581372211959
-17,5341939961232
-12,9834736082627
-17,8593357130231
-20,9490011473881
-20,0014856783681
-17,0911630345934
-14,2368771108971
-13,9571847808349
-9,37470512435535
-11,124567443563
-10,880264272392
-9,26452803158422
-7,17778736128379
-11,9277874459177
-7,89314982848865
-3,73193049744337
-8,51396635571224
-10,2159950301127
-9,0384726454684
-13,8206279179178
-15,8870687549409
-18,4357654319312
-20,9963358105144
-25,6290527063558
-30,3392699083032
-32,2388829138312
-29,5797922413703
-27,2160753804335
-26,7965331472441
-30,9664940349603
-34,6397287746146
-35,9057549112039
-37,3284410905692
-41,6272812693508
-40,6720810153858
-36,3321200578158
-38,977377609805
-40,5074806723314
-41,7468184753074
-39,243723291086
-36,5293693898849
-32,2698039828194
-36,7703878585112
-35,9275078079327
-38,1688071126905
-38,9587082778844
-41,642563693059
-37,7141310147542
-42,1667537522348
-46,2151663616371
-44,3880011999925
-49,1516453373022
-53,9385643992288
-57,6881422860028
-61,7865192060297
-66,1138793039667
-64,002588537523
-59,245733746442
-62,6251819788596
-64,7780535043116
-69,5268215329978
-74,0362524702383
-69,1761023733655
-65,4236618291698
-68,5002894087231
-71,9899601009629
-73,9515376807897
-72,5659568317077
-73,2711571703066
-68,5764805104475
-66,770003627413
-65,0219364231555
-60,4846272945799
-56,8102000941571
-59,3067092678076
-60,6327155118961
-63,6808283131947
-62,0842787423564
-59,47569633344
-58,3960123701935
-62,6117699605469
-58,8811119663908
-57,0647723679733
-57,5968175253817
-58,5939435747425
-62,5035341770871
-63,9826412517497
-66,6557495443411
-61,8562128030958
-61,5736524511938
-64,3449822600676
-66,7470946031377
-69,8977494332464
-73,9842157107705
-71,7323524978629
-69,5085676594212
-65,1091523492287
-68,3621767691161
-69,4426691389842
-73,1942977515024
-77,0226213368693
-76,092057601126
-76,4584245842223
-80,605723981562
-81,4606134739988
-86,3815155166116
-90,682468782497
-94,1438150448464
-90,3968837579699
-88,1692544339083
-84,4485017305467
-88,9337605349412
-91,7854881527767
-91,2446203484409
-94,1817342835394
-97,6611603063817
-98,9869308420397
-98,5947355877584
-98,845168994202
-103,012205971411
-100,022769588988
-104,311238876223
-102,725194768387
-98,7129554588874
-96,2469489901546
-97,03835976405
-97,1396377296838
-93,515862323584
-97,0932983360688
-96,813592348161
-97,5390139024422
-102,334102283853
-104,657060343147
-103,296849321712
-103,388841773099
-103,535163099196
-104,438138121943
-103,474499126186
-108,151654791158
-109,227878797906
-113,836516134365
-116,854276946678
-118,274316526146
-120,702409108962
-119,140601460422
-122,426672464901
-126,977057190136
-125,66857982458
-121,817932167006
-121,086642931256
-122,537087557156
-123,529867501245
-121,532458514689
-123,445913907348
-125,186978902289
-129,726833200421
-125,382313572514
-124,76091986511
-126,374225731182
-121,437704449723
-121,257328526702
-124,182057198688
-129,065967448552
-130,598742149583
-132,645691271241
-129,129850186468
-126,292150931569
-125,504089570839
-129,871229315117
-127,662021924119
-125,238472924213
-122,527882455628
-122,458531536375
-126,632740936071
-131,19114057682
-130,183943382084
-128,052373089852
-129,038236399199
-131,58780473824
-130,835727265028
-132,076753313689
-128,486508644878
-123,713380896353
-123,022106144588
-126,291955530779
-131,024597140972
-132,817094508939
-128,226597175573
-130,125321159198
-130,677459312453
-130,168300266456
-126,692668996608
-129,115724134778
-133,729401081209
-129,986001010978
-126,669909675452
-129,8037602379
-134,691025116337
-130,072168577496
-127,026202013728
-128,149972273107
-128,488418359071
-127,812801249238
-131,171360982662
-127,863620746817
-127,024655841302
-123,086786704644
-121,915168318392
-124,270224070302
-122,018486259979
-123,689910850343
-123,35952791309
-125,188565866644
-122,553949205928
-121,376401875809
-119,786270621599
-122,484127042109
-123,059312043739
-126,322237358579
-128,636544870043
-128,328206417304
-125,08100449577
-127,394219151416
-126,209220742438
-129,509172397437
-125,561254667379
-125,427609060624
-125,744581194941
-128,662190664868
-131,536681641143
-132,395633883958
-130,37679871329
-130,981518561478
-131,577053464286
-134,701205731696
-130,603785694392
-132,689158135415
-129,557470653466
-127,173936137545
-126,282750429252
-129,953261176102
-127,917376930321
-125,971823845046
-125,122285638993
-129,002999201884
-133,824223093141
-133,519553869739
-133,577225668625
-134,368449945174
-137,215181129153
-135,318250602052
-132,795486477353
-129,41982604095
-127,486661990644
-129,749033879616
-129,120006060528
-132,145237490847
-127,654618789991
-122,713226868416
-118,353404362629
-122,64808506387
-123,393243792894
-124,304015936716
-128,784580712351
-130,673890659213
-129,364150420245
-133,429047634804
-129,662550685549
-128,903781757424
-126,823654464608
-128,148150769376
-128,977694671835
-126,936414189386
-126,090525212519
-129,734321977133
-126,461867770174
-130,160218933916
-128,322971795615
-128,257259823746
-131,735987587488
-133,092739080832
-137,901421675191
-139,663348402265
-134,70117367406
-133,589612406371
-131,889899088368
-128,246724354102
-125,784608252596
-129,117771266433
-127,87095135293
-125,748299885308
-127,324291027186
-124,133995466812
-121,110283456678
-120,924417047144
-118,84976906497
-120,903112675368
-119,476994814457
-121,738146661543
-121,928600463401
-117,6849271401
-116,146754865952
-111,963195592963
-109,834547162328
-106,35678204154
-109,513290383044
-114,113236426312
-116,583464966777
-116,006504151857
-116,541330247788
-117,213951264957
-117,076429833577
-117,65152310459
-114,231403419274
-113,514829420142
-118,000827527023
-119,220238398281
-120,060132256155
-120,652258299479
-119,241281564344
-116,574716059642
-118,101729375707
-116,002069412615
-111,490120397993
-106,5326445728
-111,281149735689
-110,300989198522
-106,283420726207
-110,623398158873
-111,341842905661
-111,016045088305
-111,140514112958
-112,042115127571
-116,785949353844
-119,508350440887
-117,403274208379
-121,395516075727
-123,049912364129
-126,598555770865
-127,330486161672
-126,030826800401
-124,91742352567
-128,032268239084
-125,83060515699
-128,911164226318
-131,926034190076
-127,926932060941
-123,156756185883
-125,849618174881
-126,177753658466
-127,883694805034
-124,097144557558
-127,078900653324
-125,751029235544
-123,608048542104
-122,837361902738
-118,398849591682
-113,727239333316
-111,556066727874
-108,329796444196
-107,466465322867
-111,083979838451
-114,214230946249
-117,918825384541
-113,779449297828
-109,327601290344
-113,288478844352
-114,119737889092
-112,977217116732
-109,365719350109
-104,859475589641
-109,424490172497
-111,715740623635
-116,575936276152
-121,464618902288
-124,911456672317
-128,323625274968
-123,42562839397
-120,833120310019
-117,860774521069
-121,608381813093
-120,398397150984
-118,687966689672
-117,699808638753
-121,712312238972
-120,173064669093
-122,31577759798
-119,545250030372
-121,432064950085
-119,925152676495
-117,258588755042
-120,922440880757
-119,7480097746
-121,522923465014
-118,11818497715
-118,201011100296
-118,957356717767
-123,367606992888
-120,305319997508
-122,83772707432
-126,891719484069
-127,061358310195
-128,433703207497
-129,738062963117
-129,57244220717
-131,713368770882
-130,635568072268
-133,757128515517
-132,540574471602
-131,950756008132
-132,767900766115
-128,227385336057
-131,148283161641
-126,94945634515
-124,975578769448
-120,322232310228
-120,650177287124
-119,768586445841
-124,460677283914
-126,86054876708
-125,26598783071
-126,997392952325
-130,941837077351
-126,306228578583
-130,361294733412
-127,191198847229
-127,930644536242
-123,446981296966
-126,711915437347
-126,517771940338
-124,208264092895
-128,210182420425
-131,374472534808
-131,249557374045
-129,223219175345
-127,801187641244
-130,218858081833
-132,2040678649
-136,381530569928
-132,994543517444
-137,533096646179
-139,269104021213
-139,109433938193
-135,568311193645
-137,808021730997
-134,155763583703
-129,898717883834
-127,923113594168
-126,671904860284
-122,920512831639
-127,675393977889
-124,313330436644
-129,031489873692
-128,569331395146
-127,696299408328
-125,018886696463
-126,244081397561
-127,252034793632
-129,501328394423
-127,505803524659
-123,907284399358
-122,313146940019
-127,169773242888
-131,147362695982
-127,867052079954
-129,682278510407
-126,977472965967
-125,023285952314
-127,850797334523
-132,298951292922
-130,227934393113
-133,570669586943
-133,511616040632
-136,332129842197
-138,146218518733
-136,151112734414
-138,482750892916
-137,697984271123
-134,661093618405
-136,842208264629
-132,728919285314
-130,443969263993
-132,211514758601
-134,227840927627
-134,278816284367
-130,331371978171
-134,615130868652
-133,241579461581
-128,989696287636
-124,640770800801
-126,993544565602
-123,40326161012
-128,139177792396
-129,312165367188
-124,782261528996
-125,91495211707
-130,079478299839
-134,547915323052
-130,304859322263
-126,165575860236
-130,744332913281
-133,441474227066
-133,638358555191
-132,938995862908
-136,258620734072
-132,493031068967
-134,190021074033
-131,087666709515
-132,764189876539
-137,506871311729
-135,53200370194
-139,770291222438
-136,506295594496
-131,564204783172
-128,481730099722
-132,168160995743
-133,806478041795
-131,646778175639
-130,573392271993
-126,240525962161
-128,771993502133
-132,440739364764
-129,738435525055
-131,914872394099
-129,010252587698
-125,529518643371
-129,136337654924
-132,904296533821
-135,254714173579
-131,939311340642
-132,159071735865
-135,976013357959
-136,129491877958
-132,750783028465
-135,353140621645
-133,623241213455
-136,141406864009
-133,32674045716
-137,023441755021
-134,925975223731
-134,28154091247
-136,667654167469
-137,458572383363
-133,216814205705
-134,830680076042
-137,426069881588
-138,553540051981
-139,785808134621
-137,004687803656
-133,430783869031
-137,925157411052
-137,39944779036
-136,611539239577
-131,686876264905
-130,016125262907
-125,926136453321
-126,325581606814
-129,346029065895
-126,551286180014
-128,351644995505
-126,156971936372
-129,08600306254
-128,633231058265
-128,581126458933
-128,104047498899
-128,324314519633
-127,370831736255
-123,862604604689
-121,328425966075
-124,856142782724
-121,024408028191
-120,195816887353
-119,339415723335
-114,627200415369
-115,938768416799
-111,084122701772
-107,802943138499
-104,095203907924
-99,6577749066308
-99,1577652946833
-97,5868191691038
-101,525900952948
-101,038397573603
-101,605149947573
-98,8394041719083
-102,734938518205
-101,01005721344
-101,631113647031
-105,129596643861
-106,821943046627
-109,812306393035
-114,310024584507
-109,57167565728
-106,468018139649
-102,301520603103
-103,728055165673
-101,566940424947
-98,5689704501841
-100,051484801084
-96,4450836506866
-94,9939562396102
-96,5923955524289
-98,7943114187526
-99,5220568603457
-95,1374568806654
-95,4604215635252
-92,641048776469
-92,8950870112943
-91,6733293189061
-89,8572240319353
-94,0484147856221
-93,1555991696902
-95,6134756300645
-98,3187423561305
-96,6900472972014
-95,5562924542245
-93,9728269597373
-97,9533025814918
-95,6669437578244
-96,2943304514936
-93,2394787769933
-96,6649395600248
-94,6582294316286
-95,4317043902484
-90,9690578604888
-87,6396049144846
-86,549362700873
-83,7966190544857
-88,2509012830665
-93,1359347219265
-95,4424037476252
-100,159194159115
-99,96894057764
-104,137912726744
-100,089030525873
-101,919645087475
-98,6568110049951
-102,441562184057
-102,392914537708
-104,304204079183
-106,019111212537
-109,040191672946
-105,883005798925
-106,197594082725
-108,698749731805
-107,581928694145
-104,621770425243
-102,17815477195
-105,703192313248
-107,670449619678
-105,680449676736
-104,538859314255
-108,82724816316
-104,68237582039
-109,130826344494
-109,254238150386
-107,8593875916
-104,287828499304
-104,478220470657
-108,423073436981
-104,836280333452
-109,769651192783
-110,569407199028
-109,46261606778
-110,34004175511
-114,814442097308
-119,11188006285
-122,40078437412
-124,154933301057
-125,695623680526
-122,82470292003
-122,45648624648
-121,485609514584
-122,287961149441
-126,200440709757
-125,124508574848
-126,7071552319
-129,385856819703
-132,658176129244
-134,312350637144
-138,943055960042
-134,762786678974
-133,485005491288
-130,972030413438
-132,847063795241
-131,29512318342
-126,723524746005
-125,6781435073
-130,398665132301
-131,226371125538
-129,451836245925
-124,760561255741
-123,35492046345
-124,361419850777
-124,859502495781
-126,641038769803
-123,862363223968
-126,811968481195
-131,249131077665
-134,275886384547
-133,861627381345
-132,612564801172
-133,414800220942
-130,399147382772
-130,237325449699
-133,615542180306
-138,444828549721
-135,729985711735
-132,530823273282
-133,055205932294
-136,595971081134
-136,576574995756
-134,235110354397
-137,771327817849
-139,504219814897
-134,53710296752
-135,748255014537
-133,813109334082
-135,831284821032
-133,058701587262
-137,104700366874
-136,32301621719
-138,757787978556
-134,336093300349
-132,651318559431
-129,471672789118
-125,509096907859
-128,531720788636
-123,83598977849
-120,966933064783
-117,669676475709
-121,302717875535
-124,544256866868
-119,789820869526
-116,858254380628
-117,738022283699
-118,289160303611
-115,027031954095
-117,675878809319
-121,172695460514
-119,791468479278
-121,733832827815
-118,745803492196
-117,941942458184
-120,228883302582
-122,527900569557
-124,680503981209
-124,738645725466
-126,430997469368
-126,869246657581
-122,439630884586
-126,348224254657
-122,279654024935
-124,287450322254
-128,268206849524
-132,511128642073
-132,693683375632
-132,569475861702
-136,238597764449
-133,882634615859
-136,223427227724
-132,809057708372
-130,990825932566
-135,802530743187
-134,317471692678
-139,225195441691
-138,663080114383
-135,507477144903
-136,647035843854
-134,515760930832
-134,02445636771
-133,497736764243
-134,161620993113
-137,682979828867
-139,129708704091
-135,364603393143
-133,574008065043
-132,946251785323
-131,585753874625
-132,601961866732
-132,269712684767
-133,248995059251
-129,579267196126
-129,445286997766
-126,005846057055
-123,79999609791
-126,501607727458
-122,735350421472
-119,00015789686
-116,825669615413
-112,522882784925
-108,198228318767
-106,266978066504
-105,898001084487
-102,054025123817
-98,8661356539424
-97,6267317782863
-94,8269976320453
-90,201497349947
-92,580714445331
-97,1948228502273
-96,436868666374
-100,027226458281
-98,2851984618279
-94,2147522131632
-95,3118560436353
-93,5565651848361
-90,9666361193599
-94,1638391362917
-96,0409612324862
-96,9530344851678
-92,7633454984465
-88,9996358952134
-86,6525498058542
-90,0026228250599
-86,3641330624414
-81,8405234142046
-85,1562718367582
-88,4074175880907
-84,4349067953228
-81,641018914788
-83,0921850828534
-79,7379352029706
-78,380207436767
-76,1173740076098
-74,9507239106464
-71,3552545594425
-67,3881157703293
-69,753450566753
-71,7519333170154
-75,0949716237467
-71,2255543098555
-70,2232983122339
-71,4835833061526
-72,8856828933631
-68,3113878952509
-70,7003124778277
-73,7726126111567
-72,7090786614614
-73,1725338902779
-77,7219747899319
-78,0135154849563
-76,0500551620382
-75,4377405412322
-77,3511790071038
-82,238081163337
-86,6771363004121
-82,092972137508
-83,3739221362858
-88,1684359382342
-84,504156116596
-84,9490038183862
-83,8981239208128
-88,2451344314824
-88,4182394074012
-86,5811816442321
-84,1774773402617
-84,1255628983726
-79,6463683310763
-81,742572179375
-81,435145361051
-78,646993291365
-78,6917294294651
-74,8904496961345
-78,4245334855977
-78,2060240521706
-80,0185910630709
-79,994596465919
-81,2454107893493
-84,1697788066672
-83,142364461472
-80,5464546799061
-79,9257370521551
-77,7134275746711
-74,1914758822492
-76,1060473066899
-74,5206737976734
-76,7787385385967
-78,5075723065215
-76,3578367211311
-75,7521314870926
-71,7408262987928
-71,4927375109018
-74,0635585053771
-74,7263210772776
-72,6245116822187
-74,8059742659009
-74,4567077576098
-70,5438877756097
-68,7830451259893
-71,6124544318475
-69,0532934563134
-71,6047881569387
-73,4450503589446
-69,2159324060851
-71,5535253754252
-66,8003299323494
-63,6381493427619
-64,4917509324927
-61,6236988317914
-59,6980339771244
-59,1610837113513
-58,3261052250169
-61,6826872064768
-62,5046153536204
-66,4362453135481
-62,5018106430894
-58,6632402229999
-61,5322024260914
-64,7907359775695
-69,5390517234169
-69,8772826785232
-73,0965344687093
-75,7670754868035
-73,4689845691407
-72,1728629391165
-74,6327996573214
-77,1067148009463
-77,6426724957152
-78,2785656802373
-80,8785936631279
-78,0404271823193
-76,9292525671675
-74,9409095402183
-70,035868251678
-66,5676148820168
-66,4202103998257
-68,9592305700687
-65,9760390454443
-65,1164943836823
-66,7842612511987
-63,3610683317697
-59,7655314829622
-59,3624173515883
-64,1383466208649
-69,0695916525994
-70,8932649506341
-72,2885941812832
-69,0374870286148
-70,7686196405877
-67,6012449159875
-68,6212779197592
-70,4030492083766
-68,2316956748984
-66,7225372794306
-64,2137156301824
-63,4353028644623
-68,3162565469934
-67,4546096666621
-69,5216133438268
-74,3992695949619
-72,1721590082614
-73,474020723905
-68,6917291291136
-68,2236490455217
-64,1361506716633
-59,710375021042
-55,8637395616568
-59,125362831657
-58,4155443484618
-57,4945787905807
-56,0211239498789
-60,1657450544139
-58,8942519192674
-55,485018603229
-58,6565272685054
-57,5902950724193
-56,2126609939792
-59,1072727427968
-56,8779367933995
-58,7581418653406
-54,8227493528965
-55,5477716491897
-59,3525967319857
-58,155864641108
-54,7358596202269
-55,1159218508009
-51,1761007691273
-55,6969161376459
-58,3006964983538
-60,6108558944128
-60,5824977296905
-58,9831647802648
-58,9329695784757
-58,1957686655786
-57,0906461197956
-57,365591484723
-53,5523462307068
-48,6173121829249
-52,4807398260598
-56,8377605084157
-57,5080692658355
-60,6417752264844
-63,1004865570113
-60,7525847268652
-64,0586648429668
-65,9340767422035
-63,9873411659675
-60,2252209485277
-60,5445538877834
-64,1019644346214
-59,7011857473414
-56,6875276810548
-53,0552167501209
-48,2420153553444
-52,0550641189237
-54,1029312359299
-56,5999678687775
-58,0144083648638
-55,966333302153
-56,4987726977206
-61,0128181287729
-57,6453673008692
-53,3032102101614
-55,2832323309073
-59,3906249377484
-54,5165030464723
-53,7113193527965
-58,177027130547
-60,8729163602916
-58,7694796606407
-56,5164927185706
-55,0738926879125
-59,1050767935953
-57,5187201618421
-53,7286164763633
-51,6595180032703
-54,9258289690366
-56,0785558819787
-56,5757436749995
-56,2803267548817
-53,6071245616917
-58,4294236974579
-57,6309061267208
-61,6772759405907
-63,3882140239297
-61,3735139254939
-58,4064919070022
-58,1694980999895
-58,6192484235131
-60,4662587607239
-63,2441674928037
-63,0164817427013
-65,1295227576301
-63,4605110051974
-68,303486256501
-67,3412458418246
-69,8171088931813
-65,2957981029623
-63,8405036659751
-67,0207056733527
-64,7013012662653
-63,2888579122787
-61,8308484650943
-59,2536181040009
-60,064015592909
-62,1058369362871
-60,0609947643178
-63,015040465137
-66,9919427558393
-67,8740899925116
-71,6556461437516
-67,999955863657
-63,9172085667226
-67,1645504241295
-65,3701920128871
-70,0619383081733
-72,4930050510066
-69,104478146429
-64,3735621838358
-65,4956548891127
-68,5885550163284
-73,0203651296652
-72,0363225838921
-67,885201476426
-68,0038560446952
-70,9785548527276
-72,4229138071407
-73,1231096652561
-71,6937777821994
-73,865914511397
-74,3209529869473
-77,1085747429327
-74,716596092862
-77,0335818785051
-74,0575693654747
-77,7968105262713
-79,0771191092219
-75,8558318995782
-74,09180422454
-78,7609209645009
-73,7910630380345
-72,8699953187234
-73,6560992210085
-78,2237023078598
-81,2891564938306
-82,7227555060051
-81,577817052837
-85,4435162103589
-80,5688628691686
-75,7200918251859
-77,3267846676763
-78,1911746236106
-73,4007797959847
-75,8233926537207
-70,9106945338826
-69,1594800134583
-73,7310792052449
-71,4241908655266
-73,7283059361639
-76,5640046170396
-72,1614670060047
-74,41642897592
-73,7998065597959
-70,6045721213006
-66,0316808824226
-62,0256152776772
-65,7619036476533
-64,3621705650758
-65,5855249355131
-65,0519253634741
-63,4633630758098
-64,1157170282867
-67,4912177987473
-63,0911850961932
-64,1831357279365
-63,1971035744633
-61,842809785515
-61,2911641528906
-59,0745888594536
-62,7596444155484
-61,8792816767489
-64,4579414736401
-65,0327906729458
-63,4522298338718
-59,017673720579
-63,608322240195
-66,1863388238063
-66,3717473159995
-68,6014312214807
-72,3766332288747
-76,5442751978847
-75,1314721205535
-74,6060698402725
-75,0063434843586
-79,0779978353545
-76,8531779389727
-81,5487326357858
-80,5300709765662
-84,6705653022955
-86,7420850930117
-89,4393957352101
-84,6941903646194
-82,3365351517041
-82,9954813825528
-84,7352726262344
-80,6896115162479
-83,1785007017216
-87,7881385766497
-84,1188008026425
-85,1921348362776
-89,7952141048016
-89,9184589292126
-94,8281458829312
-98,4472053974738
-97,163266817149
-95,1820694092229
-91,8621821798325
-87,8261206027825
-84,0654422775798
-79,9019025190859
-78,3178203307292
-76,8687002085121
-78,2392832204534
-80,6874355834967
-80,9861940424477
-85,8104348321145
-81,9881910648725
-79,963418191247
-76,4917311376971
-74,8085016658221
-74,1269148155358
-78,7912826858072
-79,0991427274534
-79,8110476433003
-75,7987925571967
-74,6636351889879
-74,5999501987943
-79,5158531672512
-81,1955010844956
-85,8066060811895
-82,9083654153317
-85,8767441240148
-84,7314903902154
-80,8878402620615
-85,0599630009314
-84,1043601455305
-82,7818701144806
-83,637408319657
-80,321620544068
-81,3744723029899
-77,4695396359985
-81,2011559098616
-78,9431725758446
-82,2472066600678
-80,9028086391408
-80,0492394035563
-78,9334510210243
-79,1276434450656
-74,4878312169635
-76,4033816709782
-81,1799643282337
-80,693626387333
-83,774951315811
-86,7888430136787
-83,5437638976001
-88,4824752958527
-93,2978600786175
-92,4956421164893
-95,1269567171355
-99,9781755050195
-103,060663087287
-99,8248728894396
-99,1091633951452
-95,7373800732487
-99,4720809806126
-99,9196200835728
-104,615753695155
-104,82998683525
-108,106016459424
-104,360377773776
-105,507108594492
-105,829326622074
-102,120341524037
-102,595802711566
-99,8175059066819
-100,404302782533
-102,326653986821
-104,330479944244
-101,386782881018
-103,228097030499
-108,208728044822
-112,950850630587
-117,506565827146
-122,270663290376
-127,105185629814
-129,693282904857
-134,580336685062
-135,421191253395
-139,426640275407
-139,572752564047
-136,867942213785
-139,576911747098
-139,036980788995
-135,12999829656
-137,996749096622
-139,531382739848
-136,963454985574
-132,85856535954
-137,4278985364
-138,643127028153
-136,472124396907
-138,86577419056
-138,109531470646
-139,383872534594
-134,815651440445
-134,270016070119
-132,492663227254
-130,098526968204
-130,890715470956
-132,058839479026
-130,075199672991
-127,886758498332
-125,02823759943
-120,818238050596
-125,688825824156
-129,029190820659
-126,237685426252
-125,757878468728
-122,551572807393
-118,698176439714
-119,258661762469
-118,113940805719
-118,926744957889
-122,969363241446
-124,994712193963
-126,661715083601
-128,759709506653
-133,217730972089
-135,722827982963
-133,404715233168
-129,544186340861
-130,35273755727
-132,787230337834
-131,635470398495
-129,026487395142
-125,337139932093
-123,16109971799
-118,610988457003
-122,606266286935
-122,986423996699
-122,351874114606
-124,633064153862
-119,681730219443
-117,915035199297
-119,13208634595
-115,549539882443
-117,887788712423
-120,322011865788
-117,284417528754
-121,914416708906
-124,036779634169
-128,96391235985
-133,284018009065
-136,706747553603
-133,902450455744
-129,497468565328
-127,35464289053
-130,230187406842
-127,31066491187
-126,41248165553
-128,768851862153
-127,533477553852
-127,634244283928
-125,535587122419
-125,564240022796
-127,772049000352
-128,14911504513
-131,442354085567
-134,841337540084
-138,401272776695
-137,041398100495
-133,44100249952
-133,965917712064
-135,379454340965
-136,903294041599
-138,606795986926
-136,040441323431
-133,351558742484
-131,177125879387
-131,785021295412
-136,11377535507
-139,701219597035
-138,672981809264
-138,655570532144
-137,315343719556
-133,246984095691
-134,735429662885
-138,74719289891
-134,497944004078
-131,293942891142
-134,74742110289
-134,695836372476
-138,065247606461
-136,458741704532
-138,31206586176
-133,713893280873
-130,894316590052
-133,041639817142
-136,246291896619
-139,132719514714
-137,676784280084
-139,300640067842
-139,450148379547
-136,338468980473
-134,90147115737
-135,265228216052
-134,550686499421
-132,457255519735
-129,098831549859
-128,467113819717
-130,255518951633
-125,533194104519
-125,583171483927
-127,055753572931
-126,828816256933
-129,521415193869
-130,790425083098
-133,016093982452
-135,148954081945
-133,908423037761
-129,627786448122
-130,993089256875
-133,085665790009
-134,688650357462
-129,795107382324
-125,363097323344
-123,75229195594
-119,383746082212
-122,773495207971
-123,953824296177
-125,052696270497
-126,711986021075
-126,086833113915
-124,903158081721
-129,470666006031
-124,754410276145
-120,382941846984
-119,476087223099
-118,237591084274
-113,64231676459
-115,452437633464
-114,034314180345
-116,404501386245
-118,236881623691
-118,244475378839
-121,420278437702
-126,318716327878
-123,21554547286
-118,33594387513
-113,667132441335
-112,998946978315
-112,953701388139
-107,968164515737
-107,356502076847
-110,646380835584
-115,321465518545
-112,273898774956
-109,706153906349
-108,002167307843
-106,54777133637
-103,522333762456
-102,293097149322
-101,809917043876
-102,271163985795
-105,540574281333
-100,669689662671
-101,572517722716
-97,8061701343194
-99,7112442990122
-99,2005627129
-101,264630078997
-98,4404945921112
-96,9046596302909
-98,6327940494676
-100,63898769896
-102,77647456244
-106,771590165292
-102,03178646098
-98,6271772732855
-95,5578312392852
-91,2273832901279
-87,7197487777427
-83,2308045017447
-86,289365061298
-83,1378796125243
-79,28199717702
-80,9268238000001
-85,9133333317302
-86,4397795407989
-91,332202782148
-94,6635137958518
-97,8597902352971
-93,6569222099183
-88,8728220425656
-92,3029852967959
-90,3423427788043
-94,4073994311309
-91,3163396951123
-94,8793096370204
-94,7577880108303
-92,0307630096476
-95,6955484882213
-95,6873034685096
-96,3183834568919
-94,5855046570004
-91,7414546808657
-88,2320440525109
-86,5183727609315
-88,9005166725494
-85,0529085678065
-80,7328776479157
-77,4251146086379
-73,2619789277262
-69,62733836322
-67,5033903409047
-62,9855872793758
-61,2452949422393
-62,7035542772404
-61,3162866679332
-63,4415793989749
-61,925868157333
-62,8421866856482
-63,5493928881828
-65,5620438115265
-66,7200512117104
-70,5878421383624
-66,9665746768551
-65,2148398823876
-68,512811047334
-67,479647214818
-70,552077425971
-72,638252764842
-69,335479118622
-71,0523915571175
-75,7100705242999
-72,7148370965689
-74,2154476038954
-74,095423339515
-73,8868626989599
-78,5794272263209
-83,2329554191714
-81,5914533337309
-79,1958189538431
-78,5698732676546
-82,7823274288946
-84,4214014818762
-86,7808136022331
-91,2125861413606
-93,5524339963231
-96,5004003120824
-101,280050131227
-98,8868474485527
-102,183055321841
-98,6207325327077
-95,0149221481595
-96,3715786186616
-94,3291578947007
-97,3082619516453
-101,781334539844
-101,1806648133
-96,9578822986728
-100,200206464786
-100,18856400826
-98,6038717523937
-96,6838334364977
-95,2776271777359
-100,272637784678
-99,392589665271
-96,1002701335824
-91,9715555389981
-90,9531419701426
-94,3328738973865
-90,9996938729428
-89,9198617362746
-92,3916262744657
-87,5174171182644
-85,8293700264674
-82,1625219151905
-84,9627186772942
-89,4816520244965
-85,9900308307915
-82,9369908301568
-83,8454081807267
-79,1954130299138
-78,382599378253
-78,8482322720806
-82,6381997376629
-77,8977488805765
-78,2204717036202
-76,5214942003005
-80,5686814965305
-84,0901879469123
-84,4970910943336
-79,8892001803219
-83,8045472223103
-80,2157512490481
-83,5858916201333
-87,7749494961117
-84,0690421258191
-84,6877025458209
-86,3317659918603
-84,5712262316243
-87,2953183024405
-88,7638807519873
-87,730260636602
-84,130178528503
-80,0701558702722
-79,4461958802291
-78,4121085529042
-74,6805073245574
-72,7252108868565
-69,3496382741725
-64,5285455690134
-69,4826848100095
-67,373636277171
-71,2038937631783
-68,5378005787211
-68,1761532730082
-72,404274668803
-75,0186034590794
-74,8224297347353
-79,5578911987639
-83,355120256313
-86,7617782279441
-83,5858763371299
-84,0459563178926
-82,0187850977152
-78,2934959872832
-78,2983168086265
-79,3588773200799
-76,1145277927933
-75,237422825018
-70,2764820840336
-67,4580184261355
-65,3328883272985
-68,6018068938295
-67,8246748223786
-72,2645297234018
-73,6481546879741
-71,4354231444123
-70,9610786964706
-70,3750061520961
-71,6686426223346
-70,7229666737252
-65,9792856081063
-68,4020455170203
-71,7446446725612
-72,1974085789864
-74,6985661978132
-69,7836557537943
-73,8609529649893
-72,5927406417874
-77,553677121971
-76,233440961402
-72,0482751057478
-73,9568770877587
-73,3991082699736
-77,7165423691586
-77,3610067095196
-80,8673066133717
-84,2943957254501
-88,9596621776514
-93,3308813662648
-96,2362335274866
-100,748981826426
-104,670790356501
-101,256158484801
-104,25352943754
-106,332798777373
-105,954831678004
-105,562221235462
-103,456273149982
-106,711000879696
-108,151853819053
-106,240527057271
-101,630425877302
-100,072250871092
-99,8151558772502
-102,9654949145
-102,366833114772
-104,484313939994
-107,004378813391
-105,777932084132
-105,697663349495
-107,680926649753
-110,704789445668
-109,866747997709
-111,226043417294
-107,59274561505
-108,559013534202
-107,385700918518
-107,291134747882
-107,086525308544
-109,963850369265
-109,324029713625
-109,184418813482
-109,227127080494
-112,61541138951
-112,156987141961
-108,491497546268
-109,328889326881
-104,674117529683
-108,047612096275
-105,926736814472
-106,404436812995
-107,58768210967
-108,064742056753
-106,58482559758
-102,175916198793
-97,6008515231086
-96,0676285113293
-100,766954687386
-96,9340497493207
-92,17717588941
-88,5659949680402
-84,4730192067212
-85,3647323881813
-84,8162203114326
-80,7383091723961
-77,2271946754204
-76,9870446534537
-77,2131173621695
-78,8437861171525
-74,9567875378334
-70,7521330541479
-75,4540887822419
-78,5527501360995
-73,9301528050941
-71,0108264000907
-74,2391105384519
-74,5863010914703
-74,6398417762437
-69,8411710299514
-71,6569996628946
-75,2209460825527
-76,9931987049728
-81,139769011778
-77,0341975643229
-81,4762288311622
-77,2762468347451
-74,8230496835773
-70,4649246947913
-71,2331295131631
-67,1748963866036
-64,6743873175351
-63,8017485257948
-62,5400872932238
-62,0923517137966
-63,5808576958867
-62,0340128015656
-66,0026887199624
-61,5939090637232
-64,0601045117764
-62,112794761203
-63,6874551874763
-59,2987742593742
-58,0133337071929
-60,2738268531042
-57,357606054986
-58,1333503254149
-61,2179342682327
-61,3175915463214
-57,7570014921518
-55,1198079550036
-55,1975527263005
-58,6107890297479
-63,1087859520966
-62,4600523810884
-59,1392321015195
-58,7557985577297
-55,5162524896054
-55,5135371185207
-55,5229937749327
-50,6450646323132
-54,5871472865054
-53,7051222533247
-58,1629901436687
-58,8518920252112
-62,4654025149607
-64,1333868230153
-65,0970037836804
-63,6434007169651
-62,5322974038697
-66,1598158931874
-70,4194241131517
-70,1753943224094
-72,7627395591296
-74,9113785634107
-70,1525467700806
-73,1051741178408
-71,1628672924422
-68,0489444533362
-71,8595938039992
-70,5258808004095
-68,2413148611747
-70,6884604319181
-74,8909254973017
-73,2963238528217
-74,1603459549654
-73,2466005824494
-72,8759648683605
-77,2630372067977
-75,1361219069394
-72,0080614328192
-68,7007626066224
-67,672153896104
-68,2539175834528
-70,5980421741254
-69,7086497693599
-67,1653352288138
-63,3187864103678
-66,344443976644
-69,9914266328058
-70,407221526633
-75,2193488363968
-74,7575358459299
-70,968296437114
-68,7801878936267
-66,8833861365142
-62,2051606985535
-58,0310517652807
-55,3804096833482
-54,4905079056701
-53,2170602783411
-49,7759335599498
-54,6503103309316
-55,8369456091838
-52,1801152691854
-54,5867520658008
-51,0816891492495
-50,9971990506853
-52,0496685855092
-56,8745483649081
-56,4018042271736
-53,4404242493171
-55,0169688715449
-50,690281104688
-47,7072382657127
-49,6420555812273
-49,9302725117099
-54,1044790336188
-49,3476996796664
-47,385731088713
-50,170213835929
-51,9693900021352
-52,0014256104604
-50,2405201151926
-48,6353745720284
-47,4895342586749
-50,6667813099071
-51,9031662894664
-53,2937398983372
-48,5959400109698
-49,1381875510741
-47,398551111831
-44,6785574796746
-44,9555315957899
-49,1020639232605
-44,4151301675317
-41,2334545703531
-44,0182105815825
-43,2568046089297
-48,1942924029869
-45,8099629147726
-48,3511384727907
-48,4521201195208
-51,6528979063982
-50,7726247002945
-49,1497995719781
-47,3853822595142
-46,2502570359041
-50,4440604660635
-51,3211346070616
-54,1361159194665
-50,2836839595969
-45,8663543802765
-50,1776808892974
-51,5032963644033
-53,4306725708681
-54,9575102441517
-56,5927925104012
-54,3845733318176
-56,8735833051727
-61,102973050556
-61,3615251544454
-64,8864614470103
-65,6367308692017
-64,9193631084962
-61,1862554100048
-65,9448690643048
-62,2444395704172
-58,7712194760897
-55,4751103928433
-55,5916033055364
-58,0950642247897
-58,0306767193514
-53,3364095713417
-48,7587704686026
-44,0020776578005
-40,7002721772766
-42,5315299987244
-46,6508977095604
-41,6685772947125
-37,287154293823
-36,5995265686652
-38,6421081180651
-34,1556075859378
-31,6428263861656
-31,0375058861394
-28,7151990262167
-26,6838788850394
-30,6352375260489
-27,8543936470547
-26,6406222180423
-26,8236643546141
-26,8166395444271
-28,5662235984192
-24,2743216470932
-26,6314400549895
-30,6476793204426
-34,9983915449814
-33,9165370925643
-31,7693715849519
-30,3879328023356
-27,3239449837593
-24,6620398544766
-27,1519523678825
-22,9125335961875
-18,224053989339
-19,4360095349078
-14,712947103597
-18,6019127153571
-19,6842210012651
-19,9134026882537
-24,6089825400895
-27,1248970955031
-24,8989983317674
-26,769431306012
-26,686448776553
-29,9024193310426
-32,9138561557348
-31,1769067776984
-36,064859517019
-39,6540586784504
-41,4439924739277
-38,7922043390306
-43,0998281236973
-46,0174904694633
-50,9509412455846
-48,4614269750249
-51,6474554155945
-56,2450902189109
-54,3103327082754
-50,5374006320201
-47,8848829269575
-45,7979952008225
-47,0645284192708
-48,4636467870392
-52,146211604726
-49,120489008851
-53,6731580448448
-58,4260762844127
-55,6017746914888
-58,7844986458939
-56,1852542172819
-55,2649684643446
-53,1340188194461
-55,1239932534633
-54,2146419726151
-56,8817695537733
-54,100643507322
-58,9797945870694
-59,7708751652025
-63,9120230186091
-59,9168254593702
-61,0044870619454
-60,0346798702075
-59,2983152011638
-61,1269426230703
-65,7147429393909
-63,7452140254415
-68,3174641930816
-64,1445946452652
-66,9456293089764
-69,9715564139757
-65,6508591793485
-66,4745823017439
-66,3298226639072
-64,2115220559585
-65,9939896339293
-62,2433709708946
-63,6183538393905
-66,8062219959483
-64,7489620623643
-68,4122635808601
-71,6707821659844
-67,7581343808718
-64,4633631657875
-65,6518067558308
-63,3620263042454
-67,8411878142468
-65,1588371648963
-63,9858507915105
-61,2521739864735
-56,5437857623652
-59,8506631231873
-58,6572173483707
-57,5813119843286
-52,8035774673123
-54,0633981596744
-57,9463176252772
-54,9492155127693
-59,5197064586312
-63,6144709599974
-67,5582772780718
-72,5386961464255
-76,4644839338098
-75,8391476771747
-70,9959445265805
-67,7173973325957
-70,973388457263
-73,9871984502012
-73,0954734921671
-75,4036546333481
-76,821400877541
-77,6652919625938
-74,3565748857834
-72,2049153975005
-67,6827617324114
-65,4290455880481
-65,4293549757358
-62,7543189990824
-65,8295107399953
-64,9479186134872
-60,0565574198064
-55,7693791552075
-56,5146156962334
-60,0754229534539
-62,5848458412735
-67,3038955854507
-69,1766441256401
-66,0762726120777
-65,7092474912573
-67,3311261909464
-70,2306743033144
-74,4771577527877
-76,2816496754216
-80,3747533306133
-79,3736870789549
-83,0565697290969
-87,3893005268369
-89,1019889983594
-85,6504209338693
-85,1174117178974
-84,5716401416447
-81,036991658708
-84,2463659673916
-85,7651984528247
-86,6137754035949
-86,0614960944337
-87,6770905320662
-83,6353042455325
-82,0815525465796
-84,5575341739265
-80,8170454786009
-82,3750009208572
-81,3027070674363
-81,7547901398063
-85,7409158348533
-88,9719004175266
-88,2070827448544
-83,5720632750182
-85,4373041305636
-80,8750512357922
-80,7237555016179
-82,0801181398476
-80,4609532536062
-82,947349595883
-87,355982624696
-89,5272454194157
-93,5666445818345
-91,1648238498324
-95,0142306132079
-91,8091942979768
-90,2227473558735
-93,5103682720387
-89,2869003598753
-87,8951013167602
-92,5592807665048
-96,2025680557607
-93,7060154824782
-97,932419538071
-95,6446498445214
-93,7063520415021
-91,8098073480467
-92,7243421747699
-96,1777223601604
-98,3347156119931
-98,6970830070077
-95,0386756771195
-95,3574529800136
-91,7098618302776
-86,8168397904223
-87,5847889560906
-87,0324892789047
-91,000239546481
-95,8476871624581
-91,9583719927394
-96,5766585109417
-99,6745242964594
-102,759040699764
-98,4820186661709
-100,592218122791
-104,269532278841
-104,677853807261
-103,695268976896
-100,804075926987
-97,455360543265
-96,5177891127153
-94,4896795012245
-95,2711028556441
-90,5906080453383
-91,3785116679637
-86,7213500737548
-87,4488872297106
-87,4576655014457
-90,110415725159
-88,9139543837237
-91,2482461824077
-95,1824156215103
-98,0853980743494
-99,3092399362754
-96,4332688835375
-99,5003092422387
-96,3527947340642
-99,0397850462191
-96,5309863540724
-94,6124439517796
-96,9597073137343
-96,4055101040547
-99,8456834042428
-104,511530661798
-103,501445100481
-100,067758764708
-95,6265296506589
-92,4069991109696
-89,5232037099422
-88,5581198603421
-91,2115005289028
-95,2975406658129
-94,1032685424452
-95,9053641115576
-93,99992879394
-91,3904058004455
-91,9505751161376
-91,9498472293376
-92,5143524569762
-97,2784920113297
-92,3189040210422
-96,7578260721213
-93,0728261159842
-94,1167350733967
-92,893128104994
-88,5772451840937
-83,7721285167722
-80,6328030581509
-84,2317520772956
-88,2749111752145
-90,0997398394395
-92,8210710557046
-89,3472849174859
-93,3746342698695
-92,678655524193
-97,2952813033228
-96,8269983916439
-97,9425744885081
-99,2721652395198
-98,4937551979182
-103,277822717758
-102,224890413403
-100,117464086166
-98,7352981594791
-99,8854561494831
-103,133707811257
-103,262149373727
-99,363036257454
-97,4923134369975
-102,225865377754
-99,7327364207633
-101,585949799389
-98,7084348839051
-96,4354966374049
-94,4765422253996
-97,3848835362752
-95,5156862827327
-92,9119506255084
-93,8014048514664
-92,1072022110493
-88,4786325425977
-92,1767288871702
-90,3582493283361
-88,43129482939
-90,6413823155649
-95,5734317678604
-98,1332580429892
-97,9116365672379
-95,4097108820268
-93,8876497852794
-96,7464097034638
-101,191002922292
-104,86068428448
-101,20359955372
-106,183671588234
-107,277015902301
-108,823364280618
-111,520530251167
-116,414281218576
-116,942422588399
-117,498098105029
-121,59209455398
-125,323491915816
-129,188888994204
-130,725177049113
-135,696792334713
-135,905515159678
-138,907890705323
-137,554812385703
-137,316516095699
-137,299887783467
-133,944210360848
-129,170332231754
-127,194125623183
-125,044285250033
-121,1302564253
-116,895803679779
-121,715331851488
-123,123078438626
-124,341186976335
-120,02961236298
-115,379675401201
-118,982487970139
-123,63382624643
-120,508618269003
-118,570896093184
-121,754428109621
-117,533997924897
-115,280987643883
-117,228688917811
-113,59068185037
-114,024318626277
-111,526832001645
-106,888144857779
-109,638266700733
-106,915700583329
-111,882399566067
-111,198522928845
-112,735280374989
-114,973752575564
-114,306955896111
-118,067630062958
-121,859704822818
-122,962099194159
-124,954215064739
-125,677522237378
-129,8959935853
-130,541881556059
-134,03463719845
-137,928738057696
-136,696162916074
-137,282004824928
-133,277178082909
-131,952820512609
-131,792536495787
-131,998148974195
-127,489332854209
-131,569391939753
-133,559996995569
-132,034007226297
-128,822090495459
-128,641366811932
-129,693529201228
-133,732131691689
-133,765818702578
-129,818004959343
-134,450944329521
-139,315753344292
-137,313438330565
-132,753667505852
-128,872939698382
-130,322363590084
-128,605134315648
-132,774408702211
-129,659313919373
-126,587065139171
-123,145053417533
-120,645471615129
-118,30469402084
-119,456178870773
-118,299985347033
-115,837629392711
-113,124443565596
-111,977332425336
-108,597236639676
-108,232409365627
-107,376626758123
-111,203497703791
-111,725094576747
-109,269603941293
-106,055853943875
-101,942493841068
-104,26801214803
-102,330759363446
-102,78114829486
-107,295075298933
-105,003587076485
-109,757059345883
-105,825766706336
-106,765696320151
-107,856064122612
-112,209726455762
-107,581942878046
-110,501972776183
-113,2768014429
-117,155174610786
-115,59922409183
-112,719369088678
-109,510106301216
-107,422071064596
-106,069695264642
-109,06046094706
-110,481297626893
-106,320417832776
-110,950621587245
-115,201060810729
-112,733522954316
-109,932796483871
-112,351494759994
-107,750009044932
-109,657977909199
-105,46404633371
-104,807258475525
-102,536420659455
-106,322896401126
-101,555528696463
-105,679434281202
-100,899457791351
-99,6183432465005
-96,9893214595886
-101,208560901834
-98,0130769107984
-94,4447877479426
-96,1640805398379
-91,2251975873103
-90,7153417304196
-87,8807693538133
-87,2475536285622
-88,3256138215858
-86,0671448680386
-82,2582681129459
-79,2823405085947
-81,3184742417239
-78,9281063512996
-82,8249915157993
-81,6204758359647
-81,0862790533244
-82,5726771544039
-81,0052206153507
-82,2051703232797
-84,1866351837662
-79,695873431763
-77,0306474250385
-72,700840500553
-76,7328012501009
-77,0171006280509
-77,027550819386
-79,6706050577403
-83,8041592142065
-86,3463555855859
-91,100823168733
-89,3248491396278
-92,7261086813262
-97,1458676807762
-95,8385930019111
-92,681701192993
-94,240756038266
-98,9422999262042
-94,7203030846143
-94,8603626959739
-96,9453742960646
-100,111052164903
-101,232265501434
-100,909432731104
-105,116823771135
-105,000720239754
-103,770654931135
-100,504234963375
-99,3365119828048
-99,3275034043101
-100,094332482287
-97,7318399659473
-99,5193200151493
-102,03825576237
-102,427769114971
-106,13777030922
-110,607512324909
-106,369030086539
-109,056362128886
-108,833179798408
-113,312873750183
-112,835247135222
-113,068477253505
-116,604341075149
-114,591404538455
-117,558501812467
-116,181314666418
-118,797689400097
-122,714596188538
-124,768373161955
-127,004802636848
-126,769061966269
-127,477456908939
-130,769940758526
-134,884878866364
-138,700665858012
-136,464829372081
-138,000727404969
-134,024582424861
-133,17264670579
-129,687011392358
-127,963881551454
-126,774658770378
-125,917221505339
-122,692588798741
-124,809548898228
-126,246094819921
-122,128418614399
-121,158664261248
-121,141388388134
-118,514754563527
-119,31229164717
-116,326503492761
-117,327688981649
-117,988054641234
-115,550692856285
-113,483140606841
-116,068490121728
-112,758593888092
-108,99888765411
-105,259971268779
-106,413531226481
-104,23020447028
-106,008704516292
-108,763266462905
-104,765836211461
-106,694948752451
-110,189944952066
-113,593942591449
-115,167668952402
-114,489645235186
-111,301780487268
-115,600496213414
-114,139763974832
-112,402216957786
-113,605040750465
-109,31663691658
-105,407304299902
-107,167800828144
-108,037904191963
-104,568455544282
-102,308944603755
-100,895073690586
-99,8292563521404
-99,509667150165
-95,9485595414141
-93,6986070252448
-98,4058164790265
-96,0379346690282
-97,5902345618153
-98,473573802908
-100,276249199486
-101,243752196727
-96,4662604661932
-94,3532411324539
-94,7140458613199
-90,1742427766168
-92,2065199495289
-93,5945207378767
-89,3673182827234
-84,5551658412198
-87,4967155632979
-84,9750417183934
-87,4315610042885
-83,0923088483907
-78,6535397717012
-80,1523611291986
-83,6273052133712
-81,3660377193049
-85,8235795862116
-82,6746216351479
-79,5164020023816
-75,341254989027
-76,1612553915725
-80,8709978052711
-84,3915923604668
-81,9590232313385
-85,8415138135823
-82,9396030615699
-84,255272616934
-87,5077948816588
-89,7296979688677
-90,5925759784808
-87,444273725076
-83,1346608449366
-85,6539617311426
-86,4985939859837
-90,5748014426638
-86,2270885378214
-89,1287367919093
-89,8713636692911
-88,5506826624941
-88,2533492574682
-89,2410482408635
-89,9233040461856
-88,5123056764271
-83,7744685808043
-84,9040783817398
-83,1775131991925
-82,2966930739066
-82,2367641076582
-81,5118675073164
-83,4803444551643
-81,6549207782594
-81,3561786221101
-80,3977374959692
-81,3755599059016
-76,5230625005977
-72,0358283563649
-71,4022144674299
-69,1955883254242
-65,7732946584773
-65,7074825834017
-60,7798138163855
-58,3000890965073
-56,2660335677948
-53,3447052802598
-48,9713336887601
-50,7374658547947
-48,8789128126909
-48,5955114811603
-51,0181253819776
-53,8407823709926
-53,6778666228383
-52,3927816123633
-55,5645046680965
-57,7036184403561
-57,5407724436062
-52,6785170408296
-53,7992578242867
-57,0576894751052
-58,4955105450414
-59,1045663098325
-62,0834756831061
-58,4590742047185
-57,4364930697852
-52,6899192091461
-50,3782208956642
-52,5286607984086
-54,1774890444102
-50,7189675206837
-51,4160971808287
-54,9795387817416
-56,2654397658342
-56,3737141619279
-55,5386347062565
-59,2837657745351
-58,9141011365254
-57,3815248397989
-55,0978361738335
-51,60816609161
-56,2437005874869
-60,6071782223879
-55,7391660819443
-60,141747288189
-62,6592044211233
-64,1116508317665
-61,2430435277687
-65,7027048613388
-67,2322396494563
-69,1346847510558
-65,2753531577382
-60,2851111552108
-59,6771362275209
-60,7850906877674
-62,1406434758255
-63,1092940440875
-65,0645725957384
-68,7613053071098
-72,3041617221649
-70,0166800540915
-74,4070500800384
-72,8832385857942
-68,0005425058273
-64,6005109874499
-68,6199799957744
-72,4791522956787
-69,0159083006012
-73,7447181563532
-78,2947126015496
-82,7213045890042
-80,2300829992735
-76,59981329925
-79,0212465624389
-78,6316574281194
-82,2545545830611
-84,3288980180963
-84,805965923331
-88,3822940903599
-87,2404354790379
-89,7654079334615
-92,8874413768202
-91,1160817297682
-86,7369868443951
-91,4833699887972
-86,8841800583884
-87,5715517210607
-86,7429682496635
-81,9209147735096
-85,6736363815452
-88,8699063576118
-85,6597588742396
-86,5933615248585
-86,5179288130768
-81,5217218151848
-78,6416817070144
-79,8010276971355
-84,0472014120034
-87,5792207899372
-82,9623329878575
-86,6206178208874
-86,5363082266081
-83,9388910668583
-88,848557955232
-90,951500755895
-90,3451674472251
-95,1161055539309
-92,7044302882147
-97,4860444948443
-99,9711018001491
-104,252311153172
-99,7438938161994
-103,122844200821
-102,961435523515
-98,9793194841462
-98,5698043727141
-99,7315340457131
